#   x            P0(x)            P1(x)          P2(x)            P3(x)          P4(x)            P5(x)
#--------       --------        ---------       --------        ---------       --------        ---------
-1.000000	1.000000	-1.000000	1.000000	-1.000000	1.000000	-1.000000	
-0.998000	1.000000	-0.998000	0.994006	-0.988030	0.980090	-0.970209	
-0.996000	1.000000	-0.996000	0.988024	-0.976120	0.960359	-0.940836	
-0.994000	1.000000	-0.994000	0.982054	-0.964269	0.940806	-0.911875	
-0.992000	1.000000	-0.992000	0.976096	-0.952479	0.921431	-0.883324	
-0.990000	1.000000	-0.990000	0.970150	-0.940747	0.902233	-0.855180	
-0.988000	1.000000	-0.988000	0.964216	-0.929076	0.883210	-0.827440	
-0.986000	1.000000	-0.986000	0.958294	-0.917463	0.864362	-0.800099	
-0.984000	1.000000	-0.984000	0.952384	-0.905910	0.845689	-0.773156	
-0.982000	1.000000	-0.982000	0.946486	-0.894415	0.827188	-0.746606	
-0.980000	1.000000	-0.980000	0.940600	-0.882980	0.808861	-0.720446	
-0.978000	1.000000	-0.978000	0.934726	-0.871603	0.790705	-0.694674	
-0.976000	1.000000	-0.976000	0.928864	-0.860285	0.772720	-0.669285	
-0.974000	1.000000	-0.974000	0.923014	-0.849026	0.754904	-0.644278	
-0.972000	1.000000	-0.972000	0.917176	-0.837825	0.737259	-0.619647	
-0.970000	1.000000	-0.970000	0.911350	-0.826682	0.719781	-0.595392	
-0.968000	1.000000	-0.968000	0.905536	-0.815598	0.702471	-0.571507	
-0.966000	1.000000	-0.966000	0.899734	-0.804572	0.685328	-0.547991	
-0.964000	1.000000	-0.964000	0.893944	-0.793603	0.668351	-0.524840	
-0.962000	1.000000	-0.962000	0.888166	-0.782693	0.651539	-0.502050	
-0.960000	1.000000	-0.960000	0.882400	-0.771840	0.634891	-0.479620	
-0.958000	1.000000	-0.958000	0.876646	-0.761045	0.618407	-0.457545	
-0.956000	1.000000	-0.956000	0.870904	-0.750307	0.602086	-0.435823	
-0.954000	1.000000	-0.954000	0.865174	-0.739627	0.585926	-0.414451	
-0.952000	1.000000	-0.952000	0.859456	-0.729004	0.569928	-0.393426	
-0.950000	1.000000	-0.950000	0.853750	-0.718437	0.554090	-0.372744	
-0.948000	1.000000	-0.948000	0.848056	-0.707928	0.538411	-0.352402	
-0.946000	1.000000	-0.946000	0.842374	-0.697476	0.522892	-0.332399	
-0.944000	1.000000	-0.944000	0.836704	-0.687081	0.507530	-0.312730	
-0.942000	1.000000	-0.942000	0.831046	-0.676742	0.492325	-0.293393	
-0.940000	1.000000	-0.940000	0.825400	-0.666460	0.477277	-0.274384	
-0.938000	1.000000	-0.938000	0.819766	-0.656234	0.462384	-0.255702	
-0.936000	1.000000	-0.936000	0.814144	-0.646065	0.447646	-0.237342	
-0.934000	1.000000	-0.934000	0.808534	-0.635951	0.433062	-0.219303	
-0.932000	1.000000	-0.932000	0.802936	-0.625894	0.418631	-0.201580	
-0.930000	1.000000	-0.930000	0.797350	-0.615892	0.404353	-0.184172	
-0.928000	1.000000	-0.928000	0.791776	-0.605947	0.390226	-0.167076	
-0.926000	1.000000	-0.926000	0.786214	-0.596057	0.376250	-0.150288	
-0.924000	1.000000	-0.924000	0.780664	-0.586223	0.362424	-0.133805	
-0.922000	1.000000	-0.922000	0.775126	-0.576444	0.348747	-0.117626	
-0.920000	1.000000	-0.920000	0.769600	-0.566720	0.335219	-0.101747	
-0.918000	1.000000	-0.918000	0.764086	-0.557052	0.321839	-0.086165	
-0.916000	1.000000	-0.916000	0.758584	-0.547438	0.308605	-0.070878	
-0.914000	1.000000	-0.914000	0.753094	-0.537880	0.295518	-0.055883	
-0.912000	1.000000	-0.912000	0.747616	-0.528376	0.282577	-0.041177	
-0.910000	1.000000	-0.910000	0.742150	-0.518927	0.269780	-0.026757	
-0.908000	1.000000	-0.908000	0.736696	-0.509533	0.257126	-0.012621	
-0.906000	1.000000	-0.906000	0.731254	-0.500194	0.244616	0.001234	
-0.904000	1.000000	-0.904000	0.725824	-0.490908	0.232249	0.014811	
-0.902000	1.000000	-0.902000	0.720406	-0.481677	0.220023	0.028113	
-0.900000	1.000000	-0.900000	0.715000	-0.472500	0.207937	0.041141	
-0.898000	1.000000	-0.898000	0.709606	-0.463377	0.195992	0.053899	
-0.896000	1.000000	-0.896000	0.704224	-0.454308	0.184187	0.066390	
-0.894000	1.000000	-0.894000	0.698854	-0.445292	0.172520	0.078616	
-0.892000	1.000000	-0.892000	0.693496	-0.436331	0.160990	0.090579	
-0.890000	1.000000	-0.890000	0.688150	-0.427422	0.149598	0.102282	
-0.888000	1.000000	-0.888000	0.682816	-0.418568	0.138342	0.113728	
-0.886000	1.000000	-0.886000	0.677494	-0.409766	0.127222	0.124919	
-0.884000	1.000000	-0.884000	0.672184	-0.401018	0.116236	0.135859	
-0.882000	1.000000	-0.882000	0.666886	-0.392322	0.105385	0.146548	
-0.880000	1.000000	-0.880000	0.661600	-0.383680	0.094667	0.156991	
-0.878000	1.000000	-0.878000	0.656326	-0.375090	0.084082	0.167189	
-0.876000	1.000000	-0.876000	0.651064	-0.366553	0.073628	0.177145	
-0.874000	1.000000	-0.874000	0.645814	-0.358069	0.063306	0.186862	
-0.872000	1.000000	-0.872000	0.640576	-0.349637	0.053114	0.196342	
-0.870000	1.000000	-0.870000	0.635350	-0.341257	0.043052	0.205586	
-0.868000	1.000000	-0.868000	0.630136	-0.332930	0.033119	0.214599	
-0.866000	1.000000	-0.866000	0.624934	-0.324655	0.023314	0.223382	
-0.864000	1.000000	-0.864000	0.619744	-0.316431	0.013636	0.231938	
-0.862000	1.000000	-0.862000	0.614566	-0.308260	0.004085	0.240269	
-0.860000	1.000000	-0.860000	0.609400	-0.300140	-0.005339	0.248377	
-0.858000	1.000000	-0.858000	0.604246	-0.292072	-0.014639	0.256265	
-0.856000	1.000000	-0.856000	0.599104	-0.284055	-0.023814	0.263936	
-0.854000	1.000000	-0.854000	0.593974	-0.276090	-0.032865	0.271391	
-0.852000	1.000000	-0.852000	0.588856	-0.268176	-0.041792	0.278633	
-0.850000	1.000000	-0.850000	0.583750	-0.260312	-0.050598	0.285664	
-0.848000	1.000000	-0.848000	0.578656	-0.252500	-0.059281	0.292487	
-0.846000	1.000000	-0.846000	0.573574	-0.244739	-0.067844	0.299104	
-0.844000	1.000000	-0.844000	0.568504	-0.237029	-0.076286	0.305517	
-0.842000	1.000000	-0.842000	0.563446	-0.229369	-0.084609	0.311729	
-0.840000	1.000000	-0.840000	0.558400	-0.221760	-0.092813	0.317741	
-0.838000	1.000000	-0.838000	0.553366	-0.214201	-0.100898	0.323556	
-0.836000	1.000000	-0.836000	0.548344	-0.206693	-0.108867	0.329177	
-0.834000	1.000000	-0.834000	0.543334	-0.199234	-0.116718	0.334605	
-0.832000	1.000000	-0.832000	0.538336	-0.191826	-0.124453	0.339842	
-0.830000	1.000000	-0.830000	0.533350	-0.184467	-0.132073	0.344892	
-0.828000	1.000000	-0.828000	0.528376	-0.177159	-0.139579	0.349755	
-0.826000	1.000000	-0.826000	0.523414	-0.169900	-0.146970	0.354435	
-0.824000	1.000000	-0.824000	0.518464	-0.162691	-0.154248	0.358933	
-0.822000	1.000000	-0.822000	0.513526	-0.155531	-0.161414	0.363252	
-0.820000	1.000000	-0.820000	0.508600	-0.148420	-0.168467	0.367394	
-0.818000	1.000000	-0.818000	0.503686	-0.141359	-0.175410	0.371360	
-0.816000	1.000000	-0.816000	0.498784	-0.134346	-0.182242	0.375153	
-0.814000	1.000000	-0.814000	0.493894	-0.127383	-0.188964	0.378776	
-0.812000	1.000000	-0.812000	0.489016	-0.120468	-0.195577	0.382229	
-0.810000	1.000000	-0.810000	0.484150	-0.113602	-0.202081	0.385516	
-0.808000	1.000000	-0.808000	0.479296	-0.106785	-0.208478	0.388638	
-0.806000	1.000000	-0.806000	0.474454	-0.100017	-0.214767	0.391597	
-0.804000	1.000000	-0.804000	0.469624	-0.093296	-0.220950	0.394396	
-0.802000	1.000000	-0.802000	0.464806	-0.086624	-0.227028	0.397036	
-0.800000	1.000000	-0.800000	0.460000	-0.080000	-0.233000	0.399520	
-0.798000	1.000000	-0.798000	0.455206	-0.073424	-0.238868	0.401849	
-0.796000	1.000000	-0.796000	0.450424	-0.066896	-0.244632	0.404026	
-0.794000	1.000000	-0.794000	0.445654	-0.060415	-0.250293	0.406051	
-0.792000	1.000000	-0.792000	0.440896	-0.053983	-0.255852	0.407929	
-0.790000	1.000000	-0.790000	0.436150	-0.047597	-0.261309	0.409659	
-0.788000	1.000000	-0.788000	0.431416	-0.041260	-0.266665	0.411245	
-0.786000	1.000000	-0.786000	0.426694	-0.034969	-0.271920	0.412688	
-0.784000	1.000000	-0.784000	0.421984	-0.028726	-0.277076	0.413991	
-0.782000	1.000000	-0.782000	0.417286	-0.022529	-0.282133	0.415154	
-0.780000	1.000000	-0.780000	0.412600	-0.016380	-0.287091	0.416180	
-0.778000	1.000000	-0.778000	0.407926	-0.010277	-0.291952	0.417071	
-0.776000	1.000000	-0.776000	0.403264	-0.004221	-0.296715	0.417829	
-0.774000	1.000000	-0.774000	0.398614	0.001788	-0.301382	0.418455	
-0.772000	1.000000	-0.772000	0.393976	0.007751	-0.305953	0.418952	
-0.770000	1.000000	-0.770000	0.389350	0.013668	-0.310429	0.419321	
-0.768000	1.000000	-0.768000	0.384736	0.019538	-0.314811	0.419564	
-0.766000	1.000000	-0.766000	0.380134	0.025362	-0.319099	0.419683	
-0.764000	1.000000	-0.764000	0.375544	0.031141	-0.323293	0.419680	
-0.762000	1.000000	-0.762000	0.370966	0.036873	-0.327395	0.419556	
-0.760000	1.000000	-0.760000	0.366400	0.042560	-0.331405	0.419314	
-0.758000	1.000000	-0.758000	0.361846	0.048201	-0.335323	0.418954	
-0.756000	1.000000	-0.756000	0.357304	0.053797	-0.339151	0.418480	
-0.754000	1.000000	-0.754000	0.352774	0.059347	-0.342889	0.417892	
-0.752000	1.000000	-0.752000	0.348256	0.064852	-0.346538	0.417192	
-0.750000	1.000000	-0.750000	0.343750	0.070313	-0.350098	0.416382	
-0.748000	1.000000	-0.748000	0.339256	0.075728	-0.353569	0.415464	
-0.746000	1.000000	-0.746000	0.334774	0.081098	-0.356953	0.414439	
-0.744000	1.000000	-0.744000	0.330304	0.086423	-0.360251	0.413309	
-0.742000	1.000000	-0.742000	0.325846	0.091704	-0.363462	0.412077	
-0.740000	1.000000	-0.740000	0.321400	0.096940	-0.366587	0.410742	
-0.738000	1.000000	-0.738000	0.316966	0.102132	-0.369628	0.409308	
-0.736000	1.000000	-0.736000	0.312544	0.107279	-0.372584	0.407776	
-0.734000	1.000000	-0.734000	0.308134	0.112383	-0.375456	0.406146	
-0.732000	1.000000	-0.732000	0.303736	0.117442	-0.378245	0.404422	
-0.730000	1.000000	-0.730000	0.299350	0.122458	-0.380952	0.402605	
-0.728000	1.000000	-0.728000	0.294976	0.127429	-0.383577	0.400696	
-0.726000	1.000000	-0.726000	0.290614	0.132357	-0.386120	0.398696	
-0.724000	1.000000	-0.724000	0.286264	0.137241	-0.388583	0.396608	
-0.722000	1.000000	-0.722000	0.281926	0.142082	-0.390966	0.394433	
-0.720000	1.000000	-0.720000	0.277600	0.146880	-0.393269	0.392172	
-0.718000	1.000000	-0.718000	0.273286	0.151634	-0.395493	0.389828	
-0.716000	1.000000	-0.716000	0.268984	0.156346	-0.397639	0.387401	
-0.714000	1.000000	-0.714000	0.264694	0.161014	-0.399708	0.384893	
-0.712000	1.000000	-0.712000	0.260416	0.165640	-0.401699	0.382306	
-0.710000	1.000000	-0.710000	0.256150	0.170223	-0.403614	0.379641	
-0.708000	1.000000	-0.708000	0.251896	0.174763	-0.405453	0.376899	
-0.706000	1.000000	-0.706000	0.247654	0.179260	-0.407217	0.374083	
-0.704000	1.000000	-0.704000	0.243424	0.183716	-0.408906	0.371193	
-0.702000	1.000000	-0.702000	0.239206	0.188129	-0.410521	0.368231	
-0.700000	1.000000	-0.700000	0.235000	0.192500	-0.412063	0.365199	
-0.698000	1.000000	-0.698000	0.230806	0.196829	-0.413531	0.362097	
-0.696000	1.000000	-0.696000	0.226624	0.201116	-0.414927	0.358928	
-0.694000	1.000000	-0.694000	0.222454	0.205362	-0.416252	0.355693	
-0.692000	1.000000	-0.692000	0.218296	0.209565	-0.417506	0.352393	
-0.690000	1.000000	-0.690000	0.214150	0.213728	-0.418688	0.349029	
-0.688000	1.000000	-0.688000	0.210016	0.217848	-0.419801	0.345603	
-0.686000	1.000000	-0.686000	0.205894	0.221928	-0.420845	0.342117	
-0.684000	1.000000	-0.684000	0.201784	0.225966	-0.421820	0.338571	
-0.682000	1.000000	-0.682000	0.197686	0.229964	-0.422726	0.334968	
-0.680000	1.000000	-0.680000	0.193600	0.233920	-0.423565	0.331307	
-0.678000	1.000000	-0.678000	0.189526	0.237836	-0.424336	0.327592	
-0.676000	1.000000	-0.676000	0.185464	0.241711	-0.425042	0.323822	
-0.674000	1.000000	-0.674000	0.181414	0.245545	-0.425681	0.320000	
-0.672000	1.000000	-0.672000	0.177376	0.249339	-0.426255	0.316126	
-0.670000	1.000000	-0.670000	0.173350	0.253093	-0.426763	0.312203	
-0.668000	1.000000	-0.668000	0.169336	0.256806	-0.427208	0.308230	
-0.666000	1.000000	-0.666000	0.165334	0.260479	-0.427589	0.304210	
-0.664000	1.000000	-0.664000	0.161344	0.264113	-0.427907	0.300144	
-0.662000	1.000000	-0.662000	0.157366	0.267706	-0.428162	0.296033	
-0.660000	1.000000	-0.660000	0.153400	0.271260	-0.428355	0.291878	
-0.658000	1.000000	-0.658000	0.149446	0.274774	-0.428487	0.287681	
-0.656000	1.000000	-0.656000	0.145504	0.278249	-0.428558	0.283442	
-0.654000	1.000000	-0.654000	0.141574	0.281684	-0.428568	0.279163	
-0.652000	1.000000	-0.652000	0.137656	0.285080	-0.428519	0.274845	
-0.650000	1.000000	-0.650000	0.133750	0.288438	-0.428410	0.270490	
-0.648000	1.000000	-0.648000	0.129856	0.291756	-0.428243	0.266098	
-0.646000	1.000000	-0.646000	0.125974	0.295035	-0.428017	0.261671	
-0.644000	1.000000	-0.644000	0.122104	0.298275	-0.427734	0.257209	
-0.642000	1.000000	-0.642000	0.118246	0.301477	-0.427394	0.252715	
-0.640000	1.000000	-0.640000	0.114400	0.304640	-0.426997	0.248188	
-0.638000	1.000000	-0.638000	0.110566	0.307765	-0.426544	0.243631	
-0.636000	1.000000	-0.636000	0.106744	0.310851	-0.426036	0.239044	
-0.634000	1.000000	-0.634000	0.102934	0.313900	-0.425472	0.234429	
-0.632000	1.000000	-0.632000	0.099136	0.316910	-0.424855	0.229786	
-0.630000	1.000000	-0.630000	0.095350	0.319883	-0.424183	0.225117	
-0.628000	1.000000	-0.628000	0.091576	0.322817	-0.423458	0.220423	
-0.626000	1.000000	-0.626000	0.087814	0.325714	-0.422680	0.215705	
-0.624000	1.000000	-0.624000	0.084064	0.328573	-0.421850	0.210963	
-0.622000	1.000000	-0.622000	0.080326	0.331395	-0.420968	0.206200	
-0.620000	1.000000	-0.620000	0.076600	0.334180	-0.420035	0.201415	
-0.618000	1.000000	-0.618000	0.072886	0.336927	-0.419052	0.196611	
-0.616000	1.000000	-0.616000	0.069184	0.339638	-0.418018	0.191788	
-0.614000	1.000000	-0.614000	0.065494	0.342311	-0.416934	0.186946	
-0.612000	1.000000	-0.612000	0.061816	0.344948	-0.415801	0.182088	
-0.610000	1.000000	-0.610000	0.058150	0.347548	-0.414619	0.177214	
-0.608000	1.000000	-0.608000	0.054496	0.350111	-0.413390	0.172325	
-0.606000	1.000000	-0.606000	0.050854	0.352637	-0.412113	0.167422	
-0.604000	1.000000	-0.604000	0.047224	0.355128	-0.410788	0.162507	
-0.602000	1.000000	-0.602000	0.043606	0.357582	-0.409417	0.157579	
-0.600000	1.000000	-0.600000	0.040000	0.360000	-0.408000	0.152640	
-0.598000	1.000000	-0.598000	0.036406	0.362382	-0.406537	0.147691	
-0.596000	1.000000	-0.596000	0.032824	0.364728	-0.405029	0.142733	
-0.594000	1.000000	-0.594000	0.029254	0.367039	-0.403477	0.137767	
-0.592000	1.000000	-0.592000	0.025696	0.369313	-0.401881	0.132793	
-0.590000	1.000000	-0.590000	0.022150	0.371553	-0.400240	0.127813	
-0.588000	1.000000	-0.588000	0.018616	0.373756	-0.398557	0.122828	
-0.586000	1.000000	-0.586000	0.015094	0.375925	-0.396831	0.117838	
-0.584000	1.000000	-0.584000	0.011584	0.378058	-0.395064	0.112844	
-0.582000	1.000000	-0.582000	0.008086	0.380157	-0.393254	0.107848	
-0.580000	1.000000	-0.580000	0.004600	0.382220	-0.391403	0.102849	
-0.578000	1.000000	-0.578000	0.001126	0.384249	-0.389512	0.097849	
-0.576000	1.000000	-0.576000	-0.002336	0.386243	-0.387581	0.092849	
-0.574000	1.000000	-0.574000	-0.005786	0.388202	-0.385609	0.087850	
-0.572000	1.000000	-0.572000	-0.009224	0.390127	-0.383599	0.082852	
-0.570000	1.000000	-0.570000	-0.012650	0.392018	-0.381550	0.077856	
-0.568000	1.000000	-0.568000	-0.016064	0.393874	-0.379463	0.072864	
-0.566000	1.000000	-0.566000	-0.019466	0.395696	-0.377338	0.067875	
-0.564000	1.000000	-0.564000	-0.022856	0.397485	-0.375175	0.062890	
-0.562000	1.000000	-0.562000	-0.026234	0.399239	-0.372976	0.057911	
-0.560000	1.000000	-0.560000	-0.029600	0.400960	-0.370741	0.052939	
-0.558000	1.000000	-0.558000	-0.032954	0.402647	-0.368470	0.047973	
-0.556000	1.000000	-0.556000	-0.036296	0.404301	-0.366163	0.043015	
-0.554000	1.000000	-0.554000	-0.039626	0.405921	-0.363821	0.038065	
-0.552000	1.000000	-0.552000	-0.042944	0.407508	-0.361445	0.033125	
-0.550000	1.000000	-0.550000	-0.046250	0.409063	-0.359035	0.028195	
-0.548000	1.000000	-0.548000	-0.049544	0.410584	-0.356592	0.023275	
-0.546000	1.000000	-0.546000	-0.052826	0.412072	-0.354115	0.018367	
-0.544000	1.000000	-0.544000	-0.056096	0.413527	-0.351606	0.013471	
-0.542000	1.000000	-0.542000	-0.059354	0.414950	-0.349064	0.008587	
-0.540000	1.000000	-0.540000	-0.062600	0.416340	-0.346491	0.003718	
-0.538000	1.000000	-0.538000	-0.065834	0.417698	-0.343887	-0.001138	
-0.536000	1.000000	-0.536000	-0.069056	0.419023	-0.341252	-0.005979	
-0.534000	1.000000	-0.534000	-0.072266	0.420317	-0.338586	-0.010804	
-0.532000	1.000000	-0.532000	-0.075464	0.421578	-0.335891	-0.015613	
-0.530000	1.000000	-0.530000	-0.078650	0.422808	-0.333166	-0.020405	
-0.528000	1.000000	-0.528000	-0.081824	0.424005	-0.330413	-0.025180	
-0.526000	1.000000	-0.526000	-0.084986	0.425171	-0.327630	-0.029936	
-0.524000	1.000000	-0.524000	-0.088136	0.426305	-0.324820	-0.034674	
-0.522000	1.000000	-0.522000	-0.091274	0.427408	-0.321982	-0.039392	
-0.520000	1.000000	-0.520000	-0.094400	0.428480	-0.319117	-0.044091	
-0.518000	1.000000	-0.518000	-0.097514	0.429520	-0.316225	-0.048768	
-0.516000	1.000000	-0.516000	-0.100616	0.430530	-0.313306	-0.053425	
-0.514000	1.000000	-0.514000	-0.103706	0.431508	-0.310362	-0.058060	
-0.512000	1.000000	-0.512000	-0.106784	0.432456	-0.307392	-0.062672	
-0.510000	1.000000	-0.510000	-0.109850	0.433373	-0.304397	-0.067261	
-0.508000	1.000000	-0.508000	-0.112904	0.434259	-0.301378	-0.071827	
-0.506000	1.000000	-0.506000	-0.115946	0.435114	-0.298334	-0.076369	
-0.504000	1.000000	-0.504000	-0.118976	0.435940	-0.295267	-0.080886	
-0.502000	1.000000	-0.502000	-0.121994	0.436735	-0.292176	-0.085378	
-0.500000	1.000000	-0.500000	-0.125000	0.437500	-0.289062	-0.089844	
-0.498000	1.000000	-0.498000	-0.127994	0.438235	-0.285926	-0.094284	
-0.496000	1.000000	-0.496000	-0.130976	0.438940	-0.282768	-0.098697	
-0.494000	1.000000	-0.494000	-0.133946	0.439616	-0.279588	-0.103083	
-0.492000	1.000000	-0.492000	-0.136904	0.440261	-0.276387	-0.107441	
-0.490000	1.000000	-0.490000	-0.139850	0.440878	-0.273165	-0.111771	
-0.488000	1.000000	-0.488000	-0.142784	0.441464	-0.269923	-0.116072	
-0.486000	1.000000	-0.486000	-0.145706	0.442022	-0.266660	-0.120343	
-0.484000	1.000000	-0.484000	-0.148616	0.442550	-0.263378	-0.124585	
-0.482000	1.000000	-0.482000	-0.151514	0.443050	-0.260077	-0.128797	
-0.480000	1.000000	-0.480000	-0.154400	0.443520	-0.256757	-0.132978	
-0.478000	1.000000	-0.478000	-0.157274	0.443962	-0.253418	-0.137128	
-0.476000	1.000000	-0.476000	-0.160136	0.444375	-0.250062	-0.141247	
-0.474000	1.000000	-0.474000	-0.162986	0.444759	-0.246688	-0.145333	
-0.472000	1.000000	-0.472000	-0.165824	0.445115	-0.243297	-0.149387	
-0.470000	1.000000	-0.470000	-0.168650	0.445443	-0.239889	-0.153408	
-0.468000	1.000000	-0.468000	-0.171464	0.445742	-0.236465	-0.157396	
-0.466000	1.000000	-0.466000	-0.174266	0.446013	-0.233024	-0.161350	
-0.464000	1.000000	-0.464000	-0.177056	0.446257	-0.229568	-0.165270	
-0.462000	1.000000	-0.462000	-0.179834	0.446472	-0.226097	-0.169155	
-0.460000	1.000000	-0.460000	-0.182600	0.446660	-0.222611	-0.173006	
-0.458000	1.000000	-0.458000	-0.185354	0.446820	-0.219111	-0.176821	
-0.456000	1.000000	-0.456000	-0.188096	0.446953	-0.215596	-0.180601	
-0.454000	1.000000	-0.454000	-0.190826	0.447058	-0.212068	-0.184344	
-0.452000	1.000000	-0.452000	-0.193544	0.447136	-0.208527	-0.188052	
-0.450000	1.000000	-0.450000	-0.196250	0.447188	-0.204973	-0.191722	
-0.448000	1.000000	-0.448000	-0.198944	0.447212	-0.201406	-0.195356	
-0.446000	1.000000	-0.446000	-0.201626	0.447209	-0.197827	-0.198952	
-0.444000	1.000000	-0.444000	-0.204296	0.447179	-0.194236	-0.202510	
-0.442000	1.000000	-0.442000	-0.206954	0.447123	-0.190634	-0.206030	
-0.440000	1.000000	-0.440000	-0.209600	0.447040	-0.187021	-0.209512	
-0.438000	1.000000	-0.438000	-0.212234	0.446931	-0.183397	-0.212954	
-0.436000	1.000000	-0.436000	-0.214856	0.446795	-0.179763	-0.216358	
-0.434000	1.000000	-0.434000	-0.217466	0.446634	-0.176119	-0.219723	
-0.432000	1.000000	-0.432000	-0.220064	0.446446	-0.172465	-0.223048	
-0.430000	1.000000	-0.430000	-0.222650	0.446232	-0.168802	-0.226333	
-0.428000	1.000000	-0.428000	-0.225224	0.445993	-0.165131	-0.229578	
-0.426000	1.000000	-0.426000	-0.227786	0.445728	-0.161451	-0.232782	
-0.424000	1.000000	-0.424000	-0.230336	0.445437	-0.157763	-0.235946	
-0.422000	1.000000	-0.422000	-0.232874	0.445121	-0.154067	-0.239068	
-0.420000	1.000000	-0.420000	-0.235400	0.444780	-0.150363	-0.242149	
-0.418000	1.000000	-0.418000	-0.237914	0.444413	-0.146653	-0.245189	
-0.416000	1.000000	-0.416000	-0.240416	0.444022	-0.142936	-0.248187	
-0.414000	1.000000	-0.414000	-0.242906	0.443605	-0.139212	-0.251143	
-0.412000	1.000000	-0.412000	-0.245384	0.443164	-0.135483	-0.254057	
-0.410000	1.000000	-0.410000	-0.247850	0.442697	-0.131748	-0.256928	
-0.408000	1.000000	-0.408000	-0.250304	0.442207	-0.128008	-0.259757	
-0.406000	1.000000	-0.406000	-0.252746	0.441691	-0.124262	-0.262542	
-0.404000	1.000000	-0.404000	-0.255176	0.441152	-0.120512	-0.265285	
-0.402000	1.000000	-0.402000	-0.257594	0.440588	-0.116758	-0.267984	
-0.400000	1.000000	-0.400000	-0.260000	0.440000	-0.113000	-0.270640	
-0.398000	1.000000	-0.398000	-0.262394	0.439388	-0.109238	-0.273252	
-0.396000	1.000000	-0.396000	-0.264776	0.438752	-0.105473	-0.275820	
-0.394000	1.000000	-0.394000	-0.267146	0.438093	-0.101705	-0.278345	
-0.392000	1.000000	-0.392000	-0.269504	0.437409	-0.097935	-0.280825	
-0.390000	1.000000	-0.390000	-0.271850	0.436702	-0.094162	-0.283260	
-0.388000	1.000000	-0.388000	-0.274184	0.435972	-0.090387	-0.285651	
-0.386000	1.000000	-0.386000	-0.276506	0.435219	-0.086611	-0.287998	
-0.384000	1.000000	-0.384000	-0.278816	0.434442	-0.082833	-0.290299	
-0.382000	1.000000	-0.382000	-0.281114	0.433643	-0.079055	-0.292556	
-0.380000	1.000000	-0.380000	-0.283400	0.432820	-0.075275	-0.294768	
-0.378000	1.000000	-0.378000	-0.285674	0.431975	-0.071496	-0.296934	
-0.376000	1.000000	-0.376000	-0.287936	0.431107	-0.067716	-0.299055	
-0.374000	1.000000	-0.374000	-0.290186	0.430216	-0.063937	-0.301130	
-0.372000	1.000000	-0.372000	-0.292424	0.429303	-0.060158	-0.303160	
-0.370000	1.000000	-0.370000	-0.294650	0.428367	-0.056380	-0.305145	
-0.368000	1.000000	-0.368000	-0.296864	0.427410	-0.052604	-0.307083	
-0.366000	1.000000	-0.366000	-0.299066	0.426430	-0.048829	-0.308976	
-0.364000	1.000000	-0.364000	-0.301256	0.425429	-0.045056	-0.310822	
-0.362000	1.000000	-0.362000	-0.303434	0.424405	-0.041285	-0.312623	
-0.360000	1.000000	-0.360000	-0.305600	0.423360	-0.037517	-0.314377	
-0.358000	1.000000	-0.358000	-0.307754	0.422293	-0.033751	-0.316085	
-0.356000	1.000000	-0.356000	-0.309896	0.421205	-0.029989	-0.317747	
-0.354000	1.000000	-0.354000	-0.312026	0.420095	-0.026230	-0.319363	
-0.352000	1.000000	-0.352000	-0.314144	0.418964	-0.022474	-0.320932	
-0.350000	1.000000	-0.350000	-0.316250	0.417812	-0.018723	-0.322455	
-0.348000	1.000000	-0.348000	-0.318344	0.416640	-0.014975	-0.323931	
-0.346000	1.000000	-0.346000	-0.320426	0.415446	-0.011233	-0.325361	
-0.344000	1.000000	-0.344000	-0.322496	0.414231	-0.007495	-0.326744	
-0.342000	1.000000	-0.342000	-0.324554	0.412996	-0.003762	-0.328080	
-0.340000	1.000000	-0.340000	-0.326600	0.411740	-0.000035	-0.329370	
-0.338000	1.000000	-0.338000	-0.328634	0.410464	0.003686	-0.330614	
-0.336000	1.000000	-0.336000	-0.330656	0.409167	0.007402	-0.331810	
-0.334000	1.000000	-0.334000	-0.332666	0.407851	0.011111	-0.332960	
-0.332000	1.000000	-0.332000	-0.334664	0.406514	0.014813	-0.334064	
-0.330000	1.000000	-0.330000	-0.336650	0.405157	0.018509	-0.335120	
-0.328000	1.000000	-0.328000	-0.338624	0.403781	0.022198	-0.336130	
-0.326000	1.000000	-0.326000	-0.340586	0.402385	0.025879	-0.337094	
-0.324000	1.000000	-0.324000	-0.342536	0.400969	0.029552	-0.338010	
-0.322000	1.000000	-0.322000	-0.344474	0.399534	0.033218	-0.338881	
-0.320000	1.000000	-0.320000	-0.346400	0.398080	0.036875	-0.339704	
-0.318000	1.000000	-0.318000	-0.348314	0.396606	0.040524	-0.340481	
-0.316000	1.000000	-0.316000	-0.350216	0.395114	0.044164	-0.341212	
-0.314000	1.000000	-0.314000	-0.352106	0.393602	0.047795	-0.341896	
-0.312000	1.000000	-0.312000	-0.353984	0.392072	0.051417	-0.342533	
-0.310000	1.000000	-0.310000	-0.355850	0.390522	0.055029	-0.343124	
-0.308000	1.000000	-0.308000	-0.357704	0.388955	0.058631	-0.343669	
-0.306000	1.000000	-0.306000	-0.359546	0.387368	0.062224	-0.344168	
-0.304000	1.000000	-0.304000	-0.361376	0.385764	0.065806	-0.344620	
-0.302000	1.000000	-0.302000	-0.363194	0.384141	0.069377	-0.345026	
-0.300000	1.000000	-0.300000	-0.365000	0.382500	0.072938	-0.345386	
-0.298000	1.000000	-0.298000	-0.366794	0.380841	0.076487	-0.345700	
-0.296000	1.000000	-0.296000	-0.368576	0.379164	0.080025	-0.345969	
-0.294000	1.000000	-0.294000	-0.370346	0.377470	0.083551	-0.346191	
-0.292000	1.000000	-0.292000	-0.372104	0.375757	0.087066	-0.346368	
-0.290000	1.000000	-0.290000	-0.373850	0.374027	0.090569	-0.346499	
-0.288000	1.000000	-0.288000	-0.375584	0.372280	0.094059	-0.346584	
-0.286000	1.000000	-0.286000	-0.377306	0.370516	0.097536	-0.346624	
-0.284000	1.000000	-0.284000	-0.379016	0.368734	0.101001	-0.346619	
-0.282000	1.000000	-0.282000	-0.380714	0.366936	0.104453	-0.346569	
-0.280000	1.000000	-0.280000	-0.382400	0.365120	0.107891	-0.346473	
-0.278000	1.000000	-0.278000	-0.384074	0.363288	0.111316	-0.346333	
-0.276000	1.000000	-0.276000	-0.385736	0.361439	0.114727	-0.346147	
-0.274000	1.000000	-0.274000	-0.387386	0.359573	0.118124	-0.345917	
-0.272000	1.000000	-0.272000	-0.389024	0.357691	0.121507	-0.345643	
-0.270000	1.000000	-0.270000	-0.390650	0.355792	0.124876	-0.345324	
-0.268000	1.000000	-0.268000	-0.392264	0.353878	0.128229	-0.344960	
-0.266000	1.000000	-0.266000	-0.393866	0.351947	0.131568	-0.344553	
-0.264000	1.000000	-0.264000	-0.395456	0.350001	0.134892	-0.344101	
-0.262000	1.000000	-0.262000	-0.397034	0.348038	0.138200	-0.343606	
-0.260000	1.000000	-0.260000	-0.398600	0.346060	0.141493	-0.343067	
-0.258000	1.000000	-0.258000	-0.400154	0.344066	0.144770	-0.342484	
-0.256000	1.000000	-0.256000	-0.401696	0.342057	0.148030	-0.341858	
-0.254000	1.000000	-0.254000	-0.403226	0.340032	0.151275	-0.341189	
-0.252000	1.000000	-0.252000	-0.404744	0.337992	0.154503	-0.340477	
-0.250000	1.000000	-0.250000	-0.406250	0.335937	0.157715	-0.339722	
-0.248000	1.000000	-0.248000	-0.407744	0.333868	0.160909	-0.338924	
-0.246000	1.000000	-0.246000	-0.409226	0.331783	0.164087	-0.338084	
-0.244000	1.000000	-0.244000	-0.410696	0.329683	0.167247	-0.337201	
-0.242000	1.000000	-0.242000	-0.412154	0.327569	0.170390	-0.336277	
-0.240000	1.000000	-0.240000	-0.413600	0.325440	0.173515	-0.335311	
-0.238000	1.000000	-0.238000	-0.415034	0.323297	0.176622	-0.334302	
-0.236000	1.000000	-0.236000	-0.416456	0.321139	0.179711	-0.333253	
-0.234000	1.000000	-0.234000	-0.417866	0.318968	0.182782	-0.332162	
-0.232000	1.000000	-0.232000	-0.419264	0.316782	0.185834	-0.331030	
-0.230000	1.000000	-0.230000	-0.420650	0.314582	0.188868	-0.329857	
-0.228000	1.000000	-0.228000	-0.422024	0.312369	0.191883	-0.328644	
-0.226000	1.000000	-0.226000	-0.423386	0.310142	0.194878	-0.327390	
-0.224000	1.000000	-0.224000	-0.424736	0.307901	0.197855	-0.326096	
-0.222000	1.000000	-0.222000	-0.426074	0.305647	0.200811	-0.324762	
-0.220000	1.000000	-0.220000	-0.427400	0.303380	0.203749	-0.323388	
-0.218000	1.000000	-0.218000	-0.428714	0.301099	0.206666	-0.321975	
-0.216000	1.000000	-0.216000	-0.430016	0.298806	0.209563	-0.320523	
-0.214000	1.000000	-0.214000	-0.431306	0.296499	0.212441	-0.319031	
-0.212000	1.000000	-0.212000	-0.432584	0.294180	0.215297	-0.317501	
-0.210000	1.000000	-0.210000	-0.433850	0.291847	0.218134	-0.315932	
-0.208000	1.000000	-0.208000	-0.435104	0.289503	0.220949	-0.314325	
-0.206000	1.000000	-0.206000	-0.436346	0.287145	0.223744	-0.312680	
-0.204000	1.000000	-0.204000	-0.437576	0.284776	0.226517	-0.310998	
-0.202000	1.000000	-0.202000	-0.438794	0.282394	0.229269	-0.309277	
-0.200000	1.000000	-0.200000	-0.440000	0.280000	0.232000	-0.307520	
-0.198000	1.000000	-0.198000	-0.441194	0.277594	0.234709	-0.305726	
-0.196000	1.000000	-0.196000	-0.442376	0.275176	0.237397	-0.303894	
-0.194000	1.000000	-0.194000	-0.443546	0.272747	0.240062	-0.302027	
-0.192000	1.000000	-0.192000	-0.444704	0.270305	0.242705	-0.300123	
-0.190000	1.000000	-0.190000	-0.445850	0.267852	0.245327	-0.298184	
-0.188000	1.000000	-0.188000	-0.446984	0.265388	0.247925	-0.296209	
-0.186000	1.000000	-0.186000	-0.448106	0.262913	0.250501	-0.294198	
-0.184000	1.000000	-0.184000	-0.449216	0.260426	0.253055	-0.292153	
-0.182000	1.000000	-0.182000	-0.450314	0.257929	0.255585	-0.290073	
-0.180000	1.000000	-0.180000	-0.451400	0.255420	0.258093	-0.287958	
-0.178000	1.000000	-0.178000	-0.452474	0.252901	0.260577	-0.285809	
-0.176000	1.000000	-0.176000	-0.453536	0.250371	0.263038	-0.283627	
-0.174000	1.000000	-0.174000	-0.454586	0.247830	0.265475	-0.281411	
-0.172000	1.000000	-0.172000	-0.455624	0.245279	0.267889	-0.279162	
-0.170000	1.000000	-0.170000	-0.456650	0.242717	0.270279	-0.276879	
-0.168000	1.000000	-0.168000	-0.457664	0.240146	0.272645	-0.274565	
-0.166000	1.000000	-0.166000	-0.458666	0.237564	0.274987	-0.272218	
-0.164000	1.000000	-0.164000	-0.459656	0.234973	0.277305	-0.269839	
-0.162000	1.000000	-0.162000	-0.460634	0.232371	0.279598	-0.267428	
-0.160000	1.000000	-0.160000	-0.461600	0.229760	0.281867	-0.264986	
-0.158000	1.000000	-0.158000	-0.462554	0.227139	0.284112	-0.262513	
-0.156000	1.000000	-0.156000	-0.463496	0.224509	0.286331	-0.260009	
-0.154000	1.000000	-0.154000	-0.464426	0.221869	0.288526	-0.257475	
-0.152000	1.000000	-0.152000	-0.465344	0.219220	0.290695	-0.254911	
-0.150000	1.000000	-0.150000	-0.466250	0.216562	0.292840	-0.252317	
-0.148000	1.000000	-0.148000	-0.467144	0.213896	0.294959	-0.249694	
-0.146000	1.000000	-0.146000	-0.468026	0.211220	0.297053	-0.247041	
-0.144000	1.000000	-0.144000	-0.468896	0.208535	0.299121	-0.244360	
-0.142000	1.000000	-0.142000	-0.469754	0.205842	0.301164	-0.241651	
-0.140000	1.000000	-0.140000	-0.470600	0.203140	0.303181	-0.238914	
-0.138000	1.000000	-0.138000	-0.471434	0.200430	0.305172	-0.236149	
-0.136000	1.000000	-0.136000	-0.472256	0.197711	0.307137	-0.233356	
-0.134000	1.000000	-0.134000	-0.473066	0.194985	0.309076	-0.230537	
-0.132000	1.000000	-0.132000	-0.473864	0.192250	0.310988	-0.227691	
-0.130000	1.000000	-0.130000	-0.474650	0.189507	0.312875	-0.224819	
-0.128000	1.000000	-0.128000	-0.475424	0.186757	0.314734	-0.221921	
-0.126000	1.000000	-0.126000	-0.476186	0.183999	0.316568	-0.218997	
-0.124000	1.000000	-0.124000	-0.476936	0.181233	0.318374	-0.216048	
-0.122000	1.000000	-0.122000	-0.477674	0.178460	0.320154	-0.213074	
-0.120000	1.000000	-0.120000	-0.478400	0.175680	0.321907	-0.210076	
-0.118000	1.000000	-0.118000	-0.479114	0.172892	0.323633	-0.207054	
-0.116000	1.000000	-0.116000	-0.479816	0.170098	0.325332	-0.204008	
-0.114000	1.000000	-0.114000	-0.480506	0.167296	0.327004	-0.200938	
-0.112000	1.000000	-0.112000	-0.481184	0.164488	0.328648	-0.197846	
-0.110000	1.000000	-0.110000	-0.481850	0.161672	0.330266	-0.194731	
-0.108000	1.000000	-0.108000	-0.482504	0.158851	0.331855	-0.191593	
-0.106000	1.000000	-0.106000	-0.483146	0.156022	0.333417	-0.188434	
-0.104000	1.000000	-0.104000	-0.483776	0.153188	0.334952	-0.185253	
-0.102000	1.000000	-0.102000	-0.484394	0.150347	0.336459	-0.182051	
-0.100000	1.000000	-0.100000	-0.485000	0.147500	0.337938	-0.178829	
-0.098000	1.000000	-0.098000	-0.485594	0.144647	0.339389	-0.175586	
-0.096000	1.000000	-0.096000	-0.486176	0.141788	0.340812	-0.172323	
-0.094000	1.000000	-0.094000	-0.486746	0.138924	0.342207	-0.169040	
-0.092000	1.000000	-0.092000	-0.487304	0.136053	0.343573	-0.165738	
-0.090000	1.000000	-0.090000	-0.487850	0.133177	0.344912	-0.162418	
-0.088000	1.000000	-0.088000	-0.488384	0.130296	0.346222	-0.159079	
-0.086000	1.000000	-0.086000	-0.488906	0.127410	0.347504	-0.155722	
-0.084000	1.000000	-0.084000	-0.489416	0.124518	0.348758	-0.152347	
-0.082000	1.000000	-0.082000	-0.489914	0.121622	0.349983	-0.148955	
-0.080000	1.000000	-0.080000	-0.490400	0.118720	0.351179	-0.145546	
-0.078000	1.000000	-0.078000	-0.490874	0.115814	0.352347	-0.142120	
-0.076000	1.000000	-0.076000	-0.491336	0.112903	0.353486	-0.138679	
-0.074000	1.000000	-0.074000	-0.491786	0.109987	0.354596	-0.135222	
-0.072000	1.000000	-0.072000	-0.492224	0.107067	0.355678	-0.131749	
-0.070000	1.000000	-0.070000	-0.492650	0.104142	0.356730	-0.128262	
-0.068000	1.000000	-0.068000	-0.493064	0.101214	0.357754	-0.124760	
-0.066000	1.000000	-0.066000	-0.493466	0.098281	0.358748	-0.121244	
-0.064000	1.000000	-0.064000	-0.493856	0.095345	0.359713	-0.117715	
-0.062000	1.000000	-0.062000	-0.494234	0.092404	0.360650	-0.114172	
-0.060000	1.000000	-0.060000	-0.494600	0.089460	0.361557	-0.110616	
-0.058000	1.000000	-0.058000	-0.494954	0.086512	0.362435	-0.107048	
-0.056000	1.000000	-0.056000	-0.495296	0.083561	0.363283	-0.103468	
-0.054000	1.000000	-0.054000	-0.495626	0.080606	0.364102	-0.099876	
-0.052000	1.000000	-0.052000	-0.495944	0.077648	0.364892	-0.096273	
-0.050000	1.000000	-0.050000	-0.496250	0.074687	0.365652	-0.092659	
-0.048000	1.000000	-0.048000	-0.496544	0.071724	0.366383	-0.089034	
-0.046000	1.000000	-0.046000	-0.496826	0.068757	0.367085	-0.085400	
-0.044000	1.000000	-0.044000	-0.497096	0.065787	0.367756	-0.081756	
-0.042000	1.000000	-0.042000	-0.497354	0.062815	0.368399	-0.078103	
-0.040000	1.000000	-0.040000	-0.497600	0.059840	0.369011	-0.074441	
-0.038000	1.000000	-0.038000	-0.497834	0.056863	0.369594	-0.070770	
-0.036000	1.000000	-0.036000	-0.498056	0.053883	0.370147	-0.067092	
-0.034000	1.000000	-0.034000	-0.498266	0.050902	0.370671	-0.063406	
-0.032000	1.000000	-0.032000	-0.498464	0.047918	0.371165	-0.059714	
-0.030000	1.000000	-0.030000	-0.498650	0.044932	0.371629	-0.056014	
-0.028000	1.000000	-0.028000	-0.498824	0.041945	0.372063	-0.052308	
-0.026000	1.000000	-0.026000	-0.498986	0.038956	0.372467	-0.048596	
-0.024000	1.000000	-0.024000	-0.499136	0.035965	0.372841	-0.044879	
-0.022000	1.000000	-0.022000	-0.499274	0.032973	0.373186	-0.041157	
-0.020000	1.000000	-0.020000	-0.499400	0.029980	0.373501	-0.037430	
-0.018000	1.000000	-0.018000	-0.499514	0.026985	0.373785	-0.033699	
-0.016000	1.000000	-0.016000	-0.499616	0.023990	0.374040	-0.029964	
-0.014000	1.000000	-0.014000	-0.499706	0.020993	0.374265	-0.026226	
-0.012000	1.000000	-0.012000	-0.499784	0.017996	0.374460	-0.022485	
-0.010000	1.000000	-0.010000	-0.499850	0.014997	0.374625	-0.018741	
-0.008000	1.000000	-0.008000	-0.499904	0.011999	0.374760	-0.014996	
-0.006000	1.000000	-0.006000	-0.499946	0.008999	0.374865	-0.011248	
-0.004000	1.000000	-0.004000	-0.499976	0.006000	0.374940	-0.007499	
-0.002000	1.000000	-0.002000	-0.499994	0.003000	0.374985	-0.003750	
0.000000	1.000000	0.000000	-0.500000	-0.000000	0.375000	0.000000	
0.002000	1.000000	0.002000	-0.499994	-0.003000	0.374985	0.003750	
0.004000	1.000000	0.004000	-0.499976	-0.006000	0.374940	0.007499	
0.006000	1.000000	0.006000	-0.499946	-0.008999	0.374865	0.011248	
0.008000	1.000000	0.008000	-0.499904	-0.011999	0.374760	0.014996	
0.010000	1.000000	0.010000	-0.499850	-0.014998	0.374625	0.018741	
0.012000	1.000000	0.012000	-0.499784	-0.017996	0.374460	0.022485	
0.014000	1.000000	0.014000	-0.499706	-0.020993	0.374265	0.026226	
0.016000	1.000000	0.016000	-0.499616	-0.023990	0.374040	0.029964	
0.018000	1.000000	0.018000	-0.499514	-0.026985	0.373785	0.033699	
0.020000	1.000000	0.020000	-0.499400	-0.029980	0.373501	0.037430	
0.022000	1.000000	0.022000	-0.499274	-0.032973	0.373186	0.041157	
0.024000	1.000000	0.024000	-0.499136	-0.035965	0.372841	0.044879	
0.026000	1.000000	0.026000	-0.498986	-0.038956	0.372467	0.048596	
0.028000	1.000000	0.028000	-0.498824	-0.041945	0.372063	0.052308	
0.030000	1.000000	0.030000	-0.498650	-0.044933	0.371629	0.056014	
0.032000	1.000000	0.032000	-0.498464	-0.047918	0.371165	0.059714	
0.034000	1.000000	0.034000	-0.498266	-0.050902	0.370671	0.063406	
0.036000	1.000000	0.036000	-0.498056	-0.053883	0.370147	0.067092	
0.038000	1.000000	0.038000	-0.497834	-0.056863	0.369594	0.070770	
0.040000	1.000000	0.040000	-0.497600	-0.059840	0.369011	0.074441	
0.042000	1.000000	0.042000	-0.497354	-0.062815	0.368399	0.078103	
0.044000	1.000000	0.044000	-0.497096	-0.065787	0.367756	0.081756	
0.046000	1.000000	0.046000	-0.496826	-0.068757	0.367085	0.085400	
0.048000	1.000000	0.048000	-0.496544	-0.071724	0.366383	0.089034	
0.050000	1.000000	0.050000	-0.496250	-0.074688	0.365652	0.092659	
0.052000	1.000000	0.052000	-0.495944	-0.077648	0.364892	0.096273	
0.054000	1.000000	0.054000	-0.495626	-0.080606	0.364102	0.099876	
0.056000	1.000000	0.056000	-0.495296	-0.083561	0.363283	0.103468	
0.058000	1.000000	0.058000	-0.494954	-0.086512	0.362435	0.107048	
0.060000	1.000000	0.060000	-0.494600	-0.089460	0.361557	0.110616	
0.062000	1.000000	0.062000	-0.494234	-0.092404	0.360650	0.114172	
0.064000	1.000000	0.064000	-0.493856	-0.095345	0.359713	0.117715	
0.066000	1.000000	0.066000	-0.493466	-0.098281	0.358748	0.121244	
0.068000	1.000000	0.068000	-0.493064	-0.101214	0.357754	0.124760	
0.070000	1.000000	0.070000	-0.492650	-0.104143	0.356730	0.128262	
0.072000	1.000000	0.072000	-0.492224	-0.107067	0.355678	0.131749	
0.074000	1.000000	0.074000	-0.491786	-0.109987	0.354596	0.135222	
0.076000	1.000000	0.076000	-0.491336	-0.112903	0.353486	0.138679	
0.078000	1.000000	0.078000	-0.490874	-0.115814	0.352347	0.142120	
0.080000	1.000000	0.080000	-0.490400	-0.118720	0.351179	0.145546	
0.082000	1.000000	0.082000	-0.489914	-0.121622	0.349983	0.148955	
0.084000	1.000000	0.084000	-0.489416	-0.124518	0.348758	0.152347	
0.086000	1.000000	0.086000	-0.488906	-0.127410	0.347504	0.155722	
0.088000	1.000000	0.088000	-0.488384	-0.130296	0.346222	0.159079	
0.090000	1.000000	0.090000	-0.487850	-0.133178	0.344912	0.162418	
0.092000	1.000000	0.092000	-0.487304	-0.136053	0.343573	0.165738	
0.094000	1.000000	0.094000	-0.486746	-0.138924	0.342207	0.169040	
0.096000	1.000000	0.096000	-0.486176	-0.141788	0.340812	0.172323	
0.098000	1.000000	0.098000	-0.485594	-0.144647	0.339389	0.175586	
0.100000	1.000000	0.100000	-0.485000	-0.147500	0.337937	0.178829	
0.102000	1.000000	0.102000	-0.484394	-0.150347	0.336459	0.182051	
0.104000	1.000000	0.104000	-0.483776	-0.153188	0.334952	0.185253	
0.106000	1.000000	0.106000	-0.483146	-0.156022	0.333417	0.188434	
0.108000	1.000000	0.108000	-0.482504	-0.158851	0.331855	0.191593	
0.110000	1.000000	0.110000	-0.481850	-0.161673	0.330266	0.194731	
0.112000	1.000000	0.112000	-0.481184	-0.164488	0.328648	0.197846	
0.114000	1.000000	0.114000	-0.480506	-0.167296	0.327004	0.200938	
0.116000	1.000000	0.116000	-0.479816	-0.170098	0.325332	0.204008	
0.118000	1.000000	0.118000	-0.479114	-0.172892	0.323633	0.207054	
0.120000	1.000000	0.120000	-0.478400	-0.175680	0.321907	0.210076	
0.122000	1.000000	0.122000	-0.477674	-0.178460	0.320154	0.213074	
0.124000	1.000000	0.124000	-0.476936	-0.181233	0.318374	0.216048	
0.126000	1.000000	0.126000	-0.476186	-0.183999	0.316568	0.218997	
0.128000	1.000000	0.128000	-0.475424	-0.186757	0.314734	0.221921	
0.130000	1.000000	0.130000	-0.474650	-0.189508	0.312875	0.224819	
0.132000	1.000000	0.132000	-0.473864	-0.192250	0.310988	0.227691	
0.134000	1.000000	0.134000	-0.473066	-0.194985	0.309076	0.230537	
0.136000	1.000000	0.136000	-0.472256	-0.197711	0.307137	0.233356	
0.138000	1.000000	0.138000	-0.471434	-0.200430	0.305172	0.236149	
0.140000	1.000000	0.140000	-0.470600	-0.203140	0.303181	0.238914	
0.142000	1.000000	0.142000	-0.469754	-0.205842	0.301164	0.241651	
0.144000	1.000000	0.144000	-0.468896	-0.208535	0.299121	0.244360	
0.146000	1.000000	0.146000	-0.468026	-0.211220	0.297053	0.247041	
0.148000	1.000000	0.148000	-0.467144	-0.213896	0.294959	0.249694	
0.150000	1.000000	0.150000	-0.466250	-0.216563	0.292840	0.252317	
0.152000	1.000000	0.152000	-0.465344	-0.219220	0.290695	0.254911	
0.154000	1.000000	0.154000	-0.464426	-0.221869	0.288526	0.257475	
0.156000	1.000000	0.156000	-0.463496	-0.224509	0.286331	0.260009	
0.158000	1.000000	0.158000	-0.462554	-0.227139	0.284112	0.262513	
0.160000	1.000000	0.160000	-0.461600	-0.229760	0.281867	0.264986	
0.162000	1.000000	0.162000	-0.460634	-0.232371	0.279598	0.267428	
0.164000	1.000000	0.164000	-0.459656	-0.234973	0.277305	0.269839	
0.166000	1.000000	0.166000	-0.458666	-0.237564	0.274987	0.272218	
0.168000	1.000000	0.168000	-0.457664	-0.240146	0.272645	0.274565	
0.170000	1.000000	0.170000	-0.456650	-0.242718	0.270279	0.276879	
0.172000	1.000000	0.172000	-0.455624	-0.245279	0.267889	0.279162	
0.174000	1.000000	0.174000	-0.454586	-0.247830	0.265475	0.281411	
0.176000	1.000000	0.176000	-0.453536	-0.250371	0.263038	0.283627	
0.178000	1.000000	0.178000	-0.452474	-0.252901	0.260577	0.285809	
0.180000	1.000000	0.180000	-0.451400	-0.255420	0.258093	0.287958	
0.182000	1.000000	0.182000	-0.450314	-0.257929	0.255585	0.290073	
0.184000	1.000000	0.184000	-0.449216	-0.260426	0.253055	0.292153	
0.186000	1.000000	0.186000	-0.448106	-0.262913	0.250501	0.294198	
0.188000	1.000000	0.188000	-0.446984	-0.265388	0.247925	0.296209	
0.190000	1.000000	0.190000	-0.445850	-0.267853	0.245327	0.298184	
0.192000	1.000000	0.192000	-0.444704	-0.270305	0.242705	0.300123	
0.194000	1.000000	0.194000	-0.443546	-0.272747	0.240062	0.302027	
0.196000	1.000000	0.196000	-0.442376	-0.275176	0.237397	0.303894	
0.198000	1.000000	0.198000	-0.441194	-0.277594	0.234709	0.305726	
0.200000	1.000000	0.200000	-0.440000	-0.280000	0.232000	0.307520	
0.202000	1.000000	0.202000	-0.438794	-0.282394	0.229269	0.309277	
0.204000	1.000000	0.204000	-0.437576	-0.284776	0.226517	0.310998	
0.206000	1.000000	0.206000	-0.436346	-0.287145	0.223744	0.312680	
0.208000	1.000000	0.208000	-0.435104	-0.289503	0.220949	0.314325	
0.210000	1.000000	0.210000	-0.433850	-0.291848	0.218134	0.315932	
0.212000	1.000000	0.212000	-0.432584	-0.294180	0.215297	0.317501	
0.214000	1.000000	0.214000	-0.431306	-0.296499	0.212441	0.319031	
0.216000	1.000000	0.216000	-0.430016	-0.298806	0.209563	0.320523	
0.218000	1.000000	0.218000	-0.428714	-0.301099	0.206666	0.321975	
0.220000	1.000000	0.220000	-0.427400	-0.303380	0.203749	0.323388	
0.222000	1.000000	0.222000	-0.426074	-0.305647	0.200811	0.324762	
0.224000	1.000000	0.224000	-0.424736	-0.307901	0.197855	0.326096	
0.226000	1.000000	0.226000	-0.423386	-0.310142	0.194878	0.327390	
0.228000	1.000000	0.228000	-0.422024	-0.312369	0.191883	0.328644	
0.230000	1.000000	0.230000	-0.420650	-0.314583	0.188868	0.329857	
0.232000	1.000000	0.232000	-0.419264	-0.316782	0.185834	0.331030	
0.234000	1.000000	0.234000	-0.417866	-0.318968	0.182782	0.332162	
0.236000	1.000000	0.236000	-0.416456	-0.321139	0.179711	0.333253	
0.238000	1.000000	0.238000	-0.415034	-0.323297	0.176622	0.334302	
0.240000	1.000000	0.240000	-0.413600	-0.325440	0.173515	0.335311	
0.242000	1.000000	0.242000	-0.412154	-0.327569	0.170390	0.336277	
0.244000	1.000000	0.244000	-0.410696	-0.329683	0.167247	0.337201	
0.246000	1.000000	0.246000	-0.409226	-0.331783	0.164087	0.338084	
0.248000	1.000000	0.248000	-0.407744	-0.333868	0.160909	0.338924	
0.250000	1.000000	0.250000	-0.406250	-0.335938	0.157715	0.339722	
0.252000	1.000000	0.252000	-0.404744	-0.337992	0.154503	0.340477	
0.254000	1.000000	0.254000	-0.403226	-0.340032	0.151275	0.341189	
0.256000	1.000000	0.256000	-0.401696	-0.342057	0.148030	0.341858	
0.258000	1.000000	0.258000	-0.400154	-0.344066	0.144770	0.342484	
0.260000	1.000000	0.260000	-0.398600	-0.346060	0.141493	0.343067	
0.262000	1.000000	0.262000	-0.397034	-0.348038	0.138200	0.343606	
0.264000	1.000000	0.264000	-0.395456	-0.350001	0.134892	0.344101	
0.266000	1.000000	0.266000	-0.393866	-0.351947	0.131568	0.344553	
0.268000	1.000000	0.268000	-0.392264	-0.353878	0.128229	0.344960	
0.270000	1.000000	0.270000	-0.390650	-0.355793	0.124876	0.345324	
0.272000	1.000000	0.272000	-0.389024	-0.357691	0.121507	0.345643	
0.274000	1.000000	0.274000	-0.387386	-0.359573	0.118124	0.345917	
0.276000	1.000000	0.276000	-0.385736	-0.361439	0.114727	0.346147	
0.278000	1.000000	0.278000	-0.384074	-0.363288	0.111316	0.346333	
0.280000	1.000000	0.280000	-0.382400	-0.365120	0.107891	0.346473	
0.282000	1.000000	0.282000	-0.380714	-0.366936	0.104453	0.346569	
0.284000	1.000000	0.284000	-0.379016	-0.368734	0.101001	0.346619	
0.286000	1.000000	0.286000	-0.377306	-0.370516	0.097536	0.346624	
0.288000	1.000000	0.288000	-0.375584	-0.372280	0.094059	0.346584	
0.290000	1.000000	0.290000	-0.373850	-0.374028	0.090569	0.346499	
0.292000	1.000000	0.292000	-0.372104	-0.375757	0.087066	0.346368	
0.294000	1.000000	0.294000	-0.370346	-0.377470	0.083551	0.346191	
0.296000	1.000000	0.296000	-0.368576	-0.379164	0.080025	0.345969	
0.298000	1.000000	0.298000	-0.366794	-0.380841	0.076487	0.345700	
0.300000	1.000000	0.300000	-0.365000	-0.382500	0.072937	0.345386	
0.302000	1.000000	0.302000	-0.363194	-0.384141	0.069377	0.345026	
0.304000	1.000000	0.304000	-0.361376	-0.385764	0.065806	0.344620	
0.306000	1.000000	0.306000	-0.359546	-0.387368	0.062224	0.344168	
0.308000	1.000000	0.308000	-0.357704	-0.388955	0.058631	0.343669	
0.310000	1.000000	0.310000	-0.355850	-0.390523	0.055029	0.343124	
0.312000	1.000000	0.312000	-0.353984	-0.392072	0.051417	0.342533	
0.314000	1.000000	0.314000	-0.352106	-0.393602	0.047795	0.341896	
0.316000	1.000000	0.316000	-0.350216	-0.395114	0.044164	0.341212	
0.318000	1.000000	0.318000	-0.348314	-0.396606	0.040524	0.340481	
0.320000	1.000000	0.320000	-0.346400	-0.398080	0.036875	0.339704	
0.322000	1.000000	0.322000	-0.344474	-0.399534	0.033218	0.338881	
0.324000	1.000000	0.324000	-0.342536	-0.400969	0.029552	0.338010	
0.326000	1.000000	0.326000	-0.340586	-0.402385	0.025879	0.337094	
0.328000	1.000000	0.328000	-0.338624	-0.403781	0.022198	0.336130	
0.330000	1.000000	0.330000	-0.336650	-0.405158	0.018509	0.335120	
0.332000	1.000000	0.332000	-0.334664	-0.406514	0.014813	0.334064	
0.334000	1.000000	0.334000	-0.332666	-0.407851	0.011111	0.332960	
0.336000	1.000000	0.336000	-0.330656	-0.409167	0.007402	0.331810	
0.338000	1.000000	0.338000	-0.328634	-0.410464	0.003686	0.330614	
0.340000	1.000000	0.340000	-0.326600	-0.411740	-0.000035	0.329370	
0.342000	1.000000	0.342000	-0.324554	-0.412996	-0.003762	0.328080	
0.344000	1.000000	0.344000	-0.322496	-0.414231	-0.007495	0.326744	
0.346000	1.000000	0.346000	-0.320426	-0.415446	-0.011233	0.325361	
0.348000	1.000000	0.348000	-0.318344	-0.416640	-0.014975	0.323931	
0.350000	1.000000	0.350000	-0.316250	-0.417813	-0.018723	0.322455	
0.352000	1.000000	0.352000	-0.314144	-0.418964	-0.022474	0.320932	
0.354000	1.000000	0.354000	-0.312026	-0.420095	-0.026230	0.319363	
0.356000	1.000000	0.356000	-0.309896	-0.421205	-0.029989	0.317747	
0.358000	1.000000	0.358000	-0.307754	-0.422293	-0.033751	0.316085	
0.360000	1.000000	0.360000	-0.305600	-0.423360	-0.037517	0.314377	
0.362000	1.000000	0.362000	-0.303434	-0.424405	-0.041285	0.312623	
0.364000	1.000000	0.364000	-0.301256	-0.425429	-0.045056	0.310822	
0.366000	1.000000	0.366000	-0.299066	-0.426430	-0.048829	0.308976	
0.368000	1.000000	0.368000	-0.296864	-0.427410	-0.052604	0.307083	
0.370000	1.000000	0.370000	-0.294650	-0.428368	-0.056380	0.305145	
0.372000	1.000000	0.372000	-0.292424	-0.429303	-0.060158	0.303160	
0.374000	1.000000	0.374000	-0.290186	-0.430216	-0.063937	0.301130	
0.376000	1.000000	0.376000	-0.287936	-0.431107	-0.067716	0.299055	
0.378000	1.000000	0.378000	-0.285674	-0.431975	-0.071496	0.296934	
0.380000	1.000000	0.380000	-0.283400	-0.432820	-0.075275	0.294768	
0.382000	1.000000	0.382000	-0.281114	-0.433643	-0.079055	0.292556	
0.384000	1.000000	0.384000	-0.278816	-0.434442	-0.082833	0.290299	
0.386000	1.000000	0.386000	-0.276506	-0.435219	-0.086611	0.287998	
0.388000	1.000000	0.388000	-0.274184	-0.435972	-0.090387	0.285651	
0.390000	1.000000	0.390000	-0.271850	-0.436703	-0.094162	0.283260	
0.392000	1.000000	0.392000	-0.269504	-0.437409	-0.097935	0.280825	
0.394000	1.000000	0.394000	-0.267146	-0.438093	-0.101705	0.278345	
0.396000	1.000000	0.396000	-0.264776	-0.438752	-0.105473	0.275820	
0.398000	1.000000	0.398000	-0.262394	-0.439388	-0.109238	0.273252	
0.400000	1.000000	0.400000	-0.260000	-0.440000	-0.113000	0.270640	
0.402000	1.000000	0.402000	-0.257594	-0.440588	-0.116758	0.267984	
0.404000	1.000000	0.404000	-0.255176	-0.441152	-0.120512	0.265285	
0.406000	1.000000	0.406000	-0.252746	-0.441691	-0.124262	0.262542	
0.408000	1.000000	0.408000	-0.250304	-0.442207	-0.128008	0.259757	
0.410000	1.000000	0.410000	-0.247850	-0.442698	-0.131748	0.256928	
0.412000	1.000000	0.412000	-0.245384	-0.443164	-0.135483	0.254057	
0.414000	1.000000	0.414000	-0.242906	-0.443605	-0.139212	0.251143	
0.416000	1.000000	0.416000	-0.240416	-0.444022	-0.142936	0.248187	
0.418000	1.000000	0.418000	-0.237914	-0.444413	-0.146653	0.245189	
0.420000	1.000000	0.420000	-0.235400	-0.444780	-0.150363	0.242149	
0.422000	1.000000	0.422000	-0.232874	-0.445121	-0.154067	0.239068	
0.424000	1.000000	0.424000	-0.230336	-0.445437	-0.157763	0.235946	
0.426000	1.000000	0.426000	-0.227786	-0.445728	-0.161451	0.232782	
0.428000	1.000000	0.428000	-0.225224	-0.445993	-0.165131	0.229578	
0.430000	1.000000	0.430000	-0.222650	-0.446233	-0.168802	0.226333	
0.432000	1.000000	0.432000	-0.220064	-0.446446	-0.172465	0.223048	
0.434000	1.000000	0.434000	-0.217466	-0.446634	-0.176119	0.219723	
0.436000	1.000000	0.436000	-0.214856	-0.446795	-0.179763	0.216358	
0.438000	1.000000	0.438000	-0.212234	-0.446931	-0.183397	0.212954	
0.440000	1.000000	0.440000	-0.209600	-0.447040	-0.187021	0.209512	
0.442000	1.000000	0.442000	-0.206954	-0.447123	-0.190634	0.206030	
0.444000	1.000000	0.444000	-0.204296	-0.447179	-0.194236	0.202510	
0.446000	1.000000	0.446000	-0.201626	-0.447209	-0.197827	0.198952	
0.448000	1.000000	0.448000	-0.198944	-0.447212	-0.201406	0.195356	
0.450000	1.000000	0.450000	-0.196250	-0.447187	-0.204973	0.191722	
0.452000	1.000000	0.452000	-0.193544	-0.447136	-0.208527	0.188052	
0.454000	1.000000	0.454000	-0.190826	-0.447058	-0.212068	0.184344	
0.456000	1.000000	0.456000	-0.188096	-0.446953	-0.215596	0.180601	
0.458000	1.000000	0.458000	-0.185354	-0.446820	-0.219111	0.176821	
0.460000	1.000000	0.460000	-0.182600	-0.446660	-0.222611	0.173006	
0.462000	1.000000	0.462000	-0.179834	-0.446472	-0.226097	0.169155	
0.464000	1.000000	0.464000	-0.177056	-0.446257	-0.229568	0.165270	
0.466000	1.000000	0.466000	-0.174266	-0.446013	-0.233024	0.161350	
0.468000	1.000000	0.468000	-0.171464	-0.445742	-0.236465	0.157396	
0.470000	1.000000	0.470000	-0.168650	-0.445442	-0.239889	0.153408	
0.472000	1.000000	0.472000	-0.165824	-0.445115	-0.243297	0.149387	
0.474000	1.000000	0.474000	-0.162986	-0.444759	-0.246688	0.145333	
0.476000	1.000000	0.476000	-0.160136	-0.444375	-0.250062	0.141247	
0.478000	1.000000	0.478000	-0.157274	-0.443962	-0.253418	0.137128	
0.480000	1.000000	0.480000	-0.154400	-0.443520	-0.256757	0.132978	
0.482000	1.000000	0.482000	-0.151514	-0.443050	-0.260077	0.128797	
0.484000	1.000000	0.484000	-0.148616	-0.442550	-0.263378	0.124585	
0.486000	1.000000	0.486000	-0.145706	-0.442022	-0.266660	0.120343	
0.488000	1.000000	0.488000	-0.142784	-0.441464	-0.269923	0.116072	
0.490000	1.000000	0.490000	-0.139850	-0.440877	-0.273165	0.111771	
0.492000	1.000000	0.492000	-0.136904	-0.440261	-0.276387	0.107441	
0.494000	1.000000	0.494000	-0.133946	-0.439616	-0.279588	0.103083	
0.496000	1.000000	0.496000	-0.130976	-0.438940	-0.282768	0.098697	
0.498000	1.000000	0.498000	-0.127994	-0.438235	-0.285926	0.094284	
0.500000	1.000000	0.500000	-0.125000	-0.437500	-0.289063	0.089844	
0.502000	1.000000	0.502000	-0.121994	-0.436735	-0.292176	0.085378	
0.504000	1.000000	0.504000	-0.118976	-0.435940	-0.295267	0.080886	
0.506000	1.000000	0.506000	-0.115946	-0.435114	-0.298334	0.076369	
0.508000	1.000000	0.508000	-0.112904	-0.434259	-0.301378	0.071827	
0.510000	1.000000	0.510000	-0.109850	-0.433372	-0.304397	0.067261	
0.512000	1.000000	0.512000	-0.106784	-0.432456	-0.307392	0.062672	
0.514000	1.000000	0.514000	-0.103706	-0.431508	-0.310362	0.058060	
0.516000	1.000000	0.516000	-0.100616	-0.430530	-0.313306	0.053425	
0.518000	1.000000	0.518000	-0.097514	-0.429520	-0.316225	0.048768	
0.520000	1.000000	0.520000	-0.094400	-0.428480	-0.319117	0.044091	
0.522000	1.000000	0.522000	-0.091274	-0.427408	-0.321982	0.039392	
0.524000	1.000000	0.524000	-0.088136	-0.426305	-0.324820	0.034674	
0.526000	1.000000	0.526000	-0.084986	-0.425171	-0.327630	0.029936	
0.528000	1.000000	0.528000	-0.081824	-0.424005	-0.330413	0.025180	
0.530000	1.000000	0.530000	-0.078650	-0.422807	-0.333166	0.020405	
0.532000	1.000000	0.532000	-0.075464	-0.421578	-0.335891	0.015613	
0.534000	1.000000	0.534000	-0.072266	-0.420317	-0.338586	0.010804	
0.536000	1.000000	0.536000	-0.069056	-0.419023	-0.341252	0.005979	
0.538000	1.000000	0.538000	-0.065834	-0.417698	-0.343887	0.001138	
0.540000	1.000000	0.540000	-0.062600	-0.416340	-0.346491	-0.003718	
0.542000	1.000000	0.542000	-0.059354	-0.414950	-0.349064	-0.008587	
0.544000	1.000000	0.544000	-0.056096	-0.413527	-0.351606	-0.013471	
0.546000	1.000000	0.546000	-0.052826	-0.412072	-0.354115	-0.018367	
0.548000	1.000000	0.548000	-0.049544	-0.410584	-0.356592	-0.023275	
0.550000	1.000000	0.550000	-0.046250	-0.409062	-0.359035	-0.028195	
0.552000	1.000000	0.552000	-0.042944	-0.407508	-0.361445	-0.033125	
0.554000	1.000000	0.554000	-0.039626	-0.405921	-0.363821	-0.038065	
0.556000	1.000000	0.556000	-0.036296	-0.404301	-0.366163	-0.043015	
0.558000	1.000000	0.558000	-0.032954	-0.402647	-0.368470	-0.047973	
0.560000	1.000000	0.560000	-0.029600	-0.400960	-0.370741	-0.052939	
0.562000	1.000000	0.562000	-0.026234	-0.399239	-0.372976	-0.057911	
0.564000	1.000000	0.564000	-0.022856	-0.397485	-0.375175	-0.062890	
0.566000	1.000000	0.566000	-0.019466	-0.395696	-0.377338	-0.067875	
0.568000	1.000000	0.568000	-0.016064	-0.393874	-0.379463	-0.072864	
0.570000	1.000000	0.570000	-0.012650	-0.392017	-0.381550	-0.077856	
0.572000	1.000000	0.572000	-0.009224	-0.390127	-0.383599	-0.082852	
0.574000	1.000000	0.574000	-0.005786	-0.388202	-0.385609	-0.087850	
0.576000	1.000000	0.576000	-0.002336	-0.386243	-0.387581	-0.092849	
0.578000	1.000000	0.578000	0.001126	-0.384249	-0.389512	-0.097849	
0.580000	1.000000	0.580000	0.004600	-0.382220	-0.391403	-0.102849	
0.582000	1.000000	0.582000	0.008086	-0.380157	-0.393254	-0.107848	
0.584000	1.000000	0.584000	0.011584	-0.378058	-0.395064	-0.112844	
0.586000	1.000000	0.586000	0.015094	-0.375925	-0.396831	-0.117838	
0.588000	1.000000	0.588000	0.018616	-0.373756	-0.398557	-0.122828	
0.590000	1.000000	0.590000	0.022150	-0.371552	-0.400240	-0.127813	
0.592000	1.000000	0.592000	0.025696	-0.369313	-0.401881	-0.132793	
0.594000	1.000000	0.594000	0.029254	-0.367039	-0.403477	-0.137767	
0.596000	1.000000	0.596000	0.032824	-0.364728	-0.405029	-0.142733	
0.598000	1.000000	0.598000	0.036406	-0.362382	-0.406537	-0.147691	
0.600000	1.000000	0.600000	0.040000	-0.360000	-0.408000	-0.152640	
0.602000	1.000000	0.602000	0.043606	-0.357582	-0.409417	-0.157579	
0.604000	1.000000	0.604000	0.047224	-0.355128	-0.410788	-0.162507	
0.606000	1.000000	0.606000	0.050854	-0.352637	-0.412113	-0.167422	
0.608000	1.000000	0.608000	0.054496	-0.350111	-0.413390	-0.172325	
0.610000	1.000000	0.610000	0.058150	-0.347547	-0.414619	-0.177214	
0.612000	1.000000	0.612000	0.061816	-0.344948	-0.415801	-0.182088	
0.614000	1.000000	0.614000	0.065494	-0.342311	-0.416934	-0.186946	
0.616000	1.000000	0.616000	0.069184	-0.339638	-0.418018	-0.191788	
0.618000	1.000000	0.618000	0.072886	-0.336927	-0.419052	-0.196611	
0.620000	1.000000	0.620000	0.076600	-0.334180	-0.420035	-0.201415	
0.622000	1.000000	0.622000	0.080326	-0.331395	-0.420968	-0.206200	
0.624000	1.000000	0.624000	0.084064	-0.328573	-0.421850	-0.210963	
0.626000	1.000000	0.626000	0.087814	-0.325714	-0.422680	-0.215705	
0.628000	1.000000	0.628000	0.091576	-0.322817	-0.423458	-0.220423	
0.630000	1.000000	0.630000	0.095350	-0.319882	-0.424183	-0.225117	
0.632000	1.000000	0.632000	0.099136	-0.316910	-0.424855	-0.229786	
0.634000	1.000000	0.634000	0.102934	-0.313900	-0.425472	-0.234429	
0.636000	1.000000	0.636000	0.106744	-0.310851	-0.426036	-0.239044	
0.638000	1.000000	0.638000	0.110566	-0.307765	-0.426544	-0.243631	
0.640000	1.000000	0.640000	0.114400	-0.304640	-0.426997	-0.248188	
0.642000	1.000000	0.642000	0.118246	-0.301477	-0.427394	-0.252715	
0.644000	1.000000	0.644000	0.122104	-0.298275	-0.427734	-0.257209	
0.646000	1.000000	0.646000	0.125974	-0.295035	-0.428017	-0.261671	
0.648000	1.000000	0.648000	0.129856	-0.291756	-0.428243	-0.266098	
0.650000	1.000000	0.650000	0.133750	-0.288437	-0.428410	-0.270490	
0.652000	1.000000	0.652000	0.137656	-0.285080	-0.428519	-0.274845	
0.654000	1.000000	0.654000	0.141574	-0.281684	-0.428568	-0.279163	
0.656000	1.000000	0.656000	0.145504	-0.278249	-0.428558	-0.283442	
0.658000	1.000000	0.658000	0.149446	-0.274774	-0.428487	-0.287681	
0.660000	1.000000	0.660000	0.153400	-0.271260	-0.428355	-0.291878	
0.662000	1.000000	0.662000	0.157366	-0.267706	-0.428162	-0.296033	
0.664000	1.000000	0.664000	0.161344	-0.264113	-0.427907	-0.300144	
0.666000	1.000000	0.666000	0.165334	-0.260479	-0.427589	-0.304210	
0.668000	1.000000	0.668000	0.169336	-0.256806	-0.427208	-0.308230	
0.670000	1.000000	0.670000	0.173350	-0.253092	-0.426763	-0.312203	
0.672000	1.000000	0.672000	0.177376	-0.249339	-0.426255	-0.316126	
0.674000	1.000000	0.674000	0.181414	-0.245545	-0.425681	-0.320000	
0.676000	1.000000	0.676000	0.185464	-0.241711	-0.425042	-0.323822	
0.678000	1.000000	0.678000	0.189526	-0.237836	-0.424336	-0.327592	
0.680000	1.000000	0.680000	0.193600	-0.233920	-0.423565	-0.331307	
0.682000	1.000000	0.682000	0.197686	-0.229964	-0.422726	-0.334968	
0.684000	1.000000	0.684000	0.201784	-0.225966	-0.421820	-0.338571	
0.686000	1.000000	0.686000	0.205894	-0.221928	-0.420845	-0.342117	
0.688000	1.000000	0.688000	0.210016	-0.217848	-0.419801	-0.345603	
0.690000	1.000000	0.690000	0.214150	-0.213727	-0.418688	-0.349029	
0.692000	1.000000	0.692000	0.218296	-0.209565	-0.417506	-0.352393	
0.694000	1.000000	0.694000	0.222454	-0.205362	-0.416252	-0.355693	
0.696000	1.000000	0.696000	0.226624	-0.201116	-0.414927	-0.358928	
0.698000	1.000000	0.698000	0.230806	-0.196829	-0.413531	-0.362097	
0.700000	1.000000	0.700000	0.235000	-0.192500	-0.412062	-0.365199	
0.702000	1.000000	0.702000	0.239206	-0.188129	-0.410521	-0.368231	
0.704000	1.000000	0.704000	0.243424	-0.183716	-0.408906	-0.371193	
0.706000	1.000000	0.706000	0.247654	-0.179260	-0.407217	-0.374083	
0.708000	1.000000	0.708000	0.251896	-0.174763	-0.405453	-0.376899	
0.710000	1.000000	0.710000	0.256150	-0.170222	-0.403614	-0.379641	
0.712000	1.000000	0.712000	0.260416	-0.165640	-0.401699	-0.382306	
0.714000	1.000000	0.714000	0.264694	-0.161014	-0.399708	-0.384893	
0.716000	1.000000	0.716000	0.268984	-0.156346	-0.397639	-0.387401	
0.718000	1.000000	0.718000	0.273286	-0.151634	-0.395493	-0.389828	
0.720000	1.000000	0.720000	0.277600	-0.146880	-0.393269	-0.392172	
0.722000	1.000000	0.722000	0.281926	-0.142082	-0.390966	-0.394433	
0.724000	1.000000	0.724000	0.286264	-0.137241	-0.388583	-0.396608	
0.726000	1.000000	0.726000	0.290614	-0.132357	-0.386120	-0.398696	
0.728000	1.000000	0.728000	0.294976	-0.127429	-0.383577	-0.400696	
0.730000	1.000000	0.730000	0.299350	-0.122457	-0.380952	-0.402605	
0.732000	1.000000	0.732000	0.303736	-0.117442	-0.378245	-0.404422	
0.734000	1.000000	0.734000	0.308134	-0.112383	-0.375456	-0.406146	
0.736000	1.000000	0.736000	0.312544	-0.107279	-0.372584	-0.407776	
0.738000	1.000000	0.738000	0.316966	-0.102132	-0.369628	-0.409308	
0.740000	1.000000	0.740000	0.321400	-0.096940	-0.366587	-0.410742	
0.742000	1.000000	0.742000	0.325846	-0.091704	-0.363462	-0.412077	
0.744000	1.000000	0.744000	0.330304	-0.086423	-0.360251	-0.413309	
0.746000	1.000000	0.746000	0.334774	-0.081098	-0.356953	-0.414439	
0.748000	1.000000	0.748000	0.339256	-0.075728	-0.353569	-0.415464	
0.750000	1.000000	0.750000	0.343750	-0.070312	-0.350098	-0.416382	
0.752000	1.000000	0.752000	0.348256	-0.064852	-0.346538	-0.417192	
0.754000	1.000000	0.754000	0.352774	-0.059347	-0.342889	-0.417892	
0.756000	1.000000	0.756000	0.357304	-0.053797	-0.339151	-0.418480	
0.758000	1.000000	0.758000	0.361846	-0.048201	-0.335323	-0.418954	
0.760000	1.000000	0.760000	0.366400	-0.042560	-0.331405	-0.419314	
0.762000	1.000000	0.762000	0.370966	-0.036873	-0.327395	-0.419556	
0.764000	1.000000	0.764000	0.375544	-0.031141	-0.323293	-0.419680	
0.766000	1.000000	0.766000	0.380134	-0.025362	-0.319099	-0.419683	
0.768000	1.000000	0.768000	0.384736	-0.019538	-0.314811	-0.419564	
0.770000	1.000000	0.770000	0.389350	-0.013667	-0.310429	-0.419321	
0.772000	1.000000	0.772000	0.393976	-0.007751	-0.305953	-0.418952	
0.774000	1.000000	0.774000	0.398614	-0.001788	-0.301382	-0.418455	
0.776000	1.000000	0.776000	0.403264	0.004221	-0.296715	-0.417829	
0.778000	1.000000	0.778000	0.407926	0.010277	-0.291952	-0.417071	
0.780000	1.000000	0.780000	0.412600	0.016380	-0.287091	-0.416180	
0.782000	1.000000	0.782000	0.417286	0.022529	-0.282133	-0.415154	
0.784000	1.000000	0.784000	0.421984	0.028726	-0.277076	-0.413991	
0.786000	1.000000	0.786000	0.426694	0.034969	-0.271920	-0.412688	
0.788000	1.000000	0.788000	0.431416	0.041260	-0.266665	-0.411245	
0.790000	1.000000	0.790000	0.436150	0.047598	-0.261309	-0.409659	
0.792000	1.000000	0.792000	0.440896	0.053983	-0.255852	-0.407929	
0.794000	1.000000	0.794000	0.445654	0.060415	-0.250293	-0.406051	
0.796000	1.000000	0.796000	0.450424	0.066896	-0.244632	-0.404026	
0.798000	1.000000	0.798000	0.455206	0.073424	-0.238868	-0.401849	
0.800000	1.000000	0.800000	0.460000	0.080000	-0.233000	-0.399520	
0.802000	1.000000	0.802000	0.464806	0.086624	-0.227028	-0.397036	
0.804000	1.000000	0.804000	0.469624	0.093296	-0.220950	-0.394396	
0.806000	1.000000	0.806000	0.474454	0.100017	-0.214767	-0.391597	
0.808000	1.000000	0.808000	0.479296	0.106785	-0.208478	-0.388638	
0.810000	1.000000	0.810000	0.484150	0.113603	-0.202081	-0.385516	
0.812000	1.000000	0.812000	0.489016	0.120468	-0.195577	-0.382229	
0.814000	1.000000	0.814000	0.493894	0.127383	-0.188964	-0.378776	
0.816000	1.000000	0.816000	0.498784	0.134346	-0.182242	-0.375153	
0.818000	1.000000	0.818000	0.503686	0.141359	-0.175410	-0.371360	
0.820000	1.000000	0.820000	0.508600	0.148420	-0.168467	-0.367394	
0.822000	1.000000	0.822000	0.513526	0.155531	-0.161414	-0.363252	
0.824000	1.000000	0.824000	0.518464	0.162691	-0.154248	-0.358933	
0.826000	1.000000	0.826000	0.523414	0.169900	-0.146970	-0.354435	
0.828000	1.000000	0.828000	0.528376	0.177159	-0.139579	-0.349755	
0.830000	1.000000	0.830000	0.533350	0.184468	-0.132073	-0.344892	
0.832000	1.000000	0.832000	0.538336	0.191826	-0.124453	-0.339842	
0.834000	1.000000	0.834000	0.543334	0.199234	-0.116718	-0.334605	
0.836000	1.000000	0.836000	0.548344	0.206693	-0.108867	-0.329177	
0.838000	1.000000	0.838000	0.553366	0.214201	-0.100898	-0.323556	
0.840000	1.000000	0.840000	0.558400	0.221760	-0.092813	-0.317741	
0.842000	1.000000	0.842000	0.563446	0.229369	-0.084609	-0.311729	
0.844000	1.000000	0.844000	0.568504	0.237029	-0.076286	-0.305517	
0.846000	1.000000	0.846000	0.573574	0.244739	-0.067844	-0.299104	
0.848000	1.000000	0.848000	0.578656	0.252500	-0.059281	-0.292487	
0.850000	1.000000	0.850000	0.583750	0.260313	-0.050598	-0.285664	
0.852000	1.000000	0.852000	0.588856	0.268176	-0.041792	-0.278633	
0.854000	1.000000	0.854000	0.593974	0.276090	-0.032865	-0.271391	
0.856000	1.000000	0.856000	0.599104	0.284055	-0.023814	-0.263936	
0.858000	1.000000	0.858000	0.604246	0.292072	-0.014639	-0.256265	
0.860000	1.000000	0.860000	0.609400	0.300140	-0.005339	-0.248377	
0.862000	1.000000	0.862000	0.614566	0.308260	0.004085	-0.240269	
0.864000	1.000000	0.864000	0.619744	0.316431	0.013636	-0.231938	
0.866000	1.000000	0.866000	0.624934	0.324655	0.023314	-0.223382	
0.868000	1.000000	0.868000	0.630136	0.332930	0.033119	-0.214599	
0.870000	1.000000	0.870000	0.635350	0.341258	0.043052	-0.205586	
0.872000	1.000000	0.872000	0.640576	0.349637	0.053114	-0.196342	
0.874000	1.000000	0.874000	0.645814	0.358069	0.063306	-0.186862	
0.876000	1.000000	0.876000	0.651064	0.366553	0.073628	-0.177145	
0.878000	1.000000	0.878000	0.656326	0.375090	0.084082	-0.167189	
0.880000	1.000000	0.880000	0.661600	0.383680	0.094667	-0.156991	
0.882000	1.000000	0.882000	0.666886	0.392322	0.105385	-0.146548	
0.884000	1.000000	0.884000	0.672184	0.401018	0.116236	-0.135859	
0.886000	1.000000	0.886000	0.677494	0.409766	0.127222	-0.124919	
0.888000	1.000000	0.888000	0.682816	0.418568	0.138342	-0.113728	
0.890000	1.000000	0.890000	0.688150	0.427423	0.149598	-0.102282	
0.892000	1.000000	0.892000	0.693496	0.436331	0.160990	-0.090579	
0.894000	1.000000	0.894000	0.698854	0.445292	0.172520	-0.078616	
0.896000	1.000000	0.896000	0.704224	0.454308	0.184187	-0.066390	
0.898000	1.000000	0.898000	0.709606	0.463377	0.195992	-0.053899	
0.900000	1.000000	0.900000	0.715000	0.472500	0.207938	-0.041141	
0.902000	1.000000	0.902000	0.720406	0.481677	0.220023	-0.028113	
0.904000	1.000000	0.904000	0.725824	0.490908	0.232249	-0.014811	
0.906000	1.000000	0.906000	0.731254	0.500194	0.244616	-0.001234	
0.908000	1.000000	0.908000	0.736696	0.509533	0.257126	0.012621	
0.910000	1.000000	0.910000	0.742150	0.518928	0.269780	0.026757	
0.912000	1.000000	0.912000	0.747616	0.528376	0.282577	0.041177	
0.914000	1.000000	0.914000	0.753094	0.537880	0.295518	0.055883	
0.916000	1.000000	0.916000	0.758584	0.547438	0.308605	0.070878	
0.918000	1.000000	0.918000	0.764086	0.557052	0.321839	0.086165	
0.920000	1.000000	0.920000	0.769600	0.566720	0.335219	0.101747	
0.922000	1.000000	0.922000	0.775126	0.576444	0.348747	0.117626	
0.924000	1.000000	0.924000	0.780664	0.586223	0.362424	0.133805	
0.926000	1.000000	0.926000	0.786214	0.596057	0.376250	0.150288	
0.928000	1.000000	0.928000	0.791776	0.605947	0.390226	0.167076	
0.930000	1.000000	0.930000	0.797350	0.615893	0.404353	0.184172	
0.932000	1.000000	0.932000	0.802936	0.625894	0.418631	0.201580	
0.934000	1.000000	0.934000	0.808534	0.635951	0.433062	0.219303	
0.936000	1.000000	0.936000	0.814144	0.646065	0.447646	0.237342	
0.938000	1.000000	0.938000	0.819766	0.656234	0.462384	0.255702	
0.940000	1.000000	0.940000	0.825400	0.666460	0.477277	0.274384	
0.942000	1.000000	0.942000	0.831046	0.676742	0.492325	0.293393	
0.944000	1.000000	0.944000	0.836704	0.687081	0.507530	0.312730	
0.946000	1.000000	0.946000	0.842374	0.697476	0.522892	0.332399	
0.948000	1.000000	0.948000	0.848056	0.707928	0.538411	0.352402	
0.950000	1.000000	0.950000	0.853750	0.718438	0.554090	0.372744	
0.952000	1.000000	0.952000	0.859456	0.729004	0.569928	0.393426	
0.954000	1.000000	0.954000	0.865174	0.739627	0.585926	0.414451	
0.956000	1.000000	0.956000	0.870904	0.750307	0.602086	0.435823	
0.958000	1.000000	0.958000	0.876646	0.761045	0.618407	0.457545	
0.960000	1.000000	0.960000	0.882400	0.771840	0.634891	0.479620	
0.962000	1.000000	0.962000	0.888166	0.782693	0.651539	0.502050	
0.964000	1.000000	0.964000	0.893944	0.793603	0.668351	0.524840	
0.966000	1.000000	0.966000	0.899734	0.804572	0.685328	0.547991	
0.968000	1.000000	0.968000	0.905536	0.815598	0.702471	0.571507	
0.970000	1.000000	0.970000	0.911350	0.826683	0.719781	0.595392	
0.972000	1.000000	0.972000	0.917176	0.837825	0.737259	0.619647	
0.974000	1.000000	0.974000	0.923014	0.849026	0.754904	0.644278	
0.976000	1.000000	0.976000	0.928864	0.860285	0.772720	0.669285	
0.978000	1.000000	0.978000	0.934726	0.871603	0.790705	0.694674	
0.980000	1.000000	0.980000	0.940600	0.882980	0.808861	0.720446	
0.982000	1.000000	0.982000	0.946486	0.894415	0.827188	0.746606	
0.984000	1.000000	0.984000	0.952384	0.905910	0.845689	0.773156	
0.986000	1.000000	0.986000	0.958294	0.917463	0.864362	0.800099	
0.988000	1.000000	0.988000	0.964216	0.929076	0.883210	0.827440	
0.990000	1.000000	0.990000	0.970150	0.940748	0.902233	0.855180	
0.992000	1.000000	0.992000	0.976096	0.952479	0.921431	0.883324	
0.994000	1.000000	0.994000	0.982054	0.964269	0.940806	0.911875	
0.996000	1.000000	0.996000	0.988024	0.976120	0.960359	0.940836	
0.998000	1.000000	0.998000	0.994006	0.988030	0.980090	0.970209	
1.000000	1.000000	1.000000	1.000000	1.000000	1.000000	1.000000	
