# t	x	y	v_x	v_y
#--	--	--	---	---
0.000000	0.000000	0.000000	9.192533	7.713451
0.010000	0.091741	0.076000	9.174148	7.599958
0.020000	0.183299	0.150866	9.155800	7.486691
0.030000	0.274674	0.224603	9.137488	7.373652
0.040000	0.365866	0.297211	9.119213	7.260838
0.050000	0.456876	0.368694	9.100975	7.148250
0.060000	0.547704	0.439053	9.082773	7.035887
0.070000	0.638350	0.508290	9.064607	6.923748
0.080000	0.728815	0.576409	9.046478	6.811834
0.090000	0.819099	0.643410	9.028385	6.700144
0.100000	0.909202	0.709297	9.010329	6.588677
0.110000	0.999125	0.774071	8.992308	6.477434
0.120000	1.088868	0.837735	8.974323	6.366412
0.130000	1.178432	0.900291	8.956375	6.255613
0.140000	1.267817	0.961742	8.938462	6.145035
0.150000	1.357022	1.022089	8.920585	6.034679
0.160000	1.446050	1.081334	8.902744	5.924543
0.170000	1.534899	1.139480	8.884938	5.814627
0.180000	1.623571	1.196530	8.867168	5.704931
0.190000	1.712065	1.252484	8.849434	5.595455
0.200000	1.800383	1.307346	8.831735	5.486198
0.210000	1.888523	1.361118	8.814072	5.377159
0.220000	1.976488	1.413801	8.796444	5.268338
0.230000	2.064276	1.465398	8.778851	5.159735
0.240000	2.151889	1.515912	8.761293	5.051349
0.250000	2.239327	1.565344	8.743770	4.943180
0.260000	2.326590	1.613696	8.726283	4.835227
0.270000	2.413678	1.660971	8.708830	4.727490
0.280000	2.500592	1.707170	8.691413	4.619968
0.290000	2.587333	1.752297	8.674030	4.512662
0.300000	2.673899	1.796353	8.656682	4.405570
0.310000	2.760293	1.839340	8.639368	4.298692
0.320000	2.846514	1.881260	8.622090	4.192028
0.330000	2.932562	1.922116	8.604845	4.085578
0.340000	3.018439	1.961909	8.587636	3.979340
0.350000	3.104143	2.000642	8.570461	3.873315
0.360000	3.189677	2.038317	8.553320	3.767502
0.370000	3.275039	2.074936	8.536213	3.661900
0.380000	3.360230	2.110501	8.519141	3.556510
0.390000	3.445251	2.145015	8.502102	3.451331
0.400000	3.530102	2.178478	8.485098	3.346361
0.410000	3.614783	2.210894	8.468128	3.241602
0.420000	3.699295	2.242265	8.451192	3.137053
0.430000	3.783638	2.272592	8.434289	3.032712
0.440000	3.867812	2.301878	8.417421	2.928580
0.450000	3.951818	2.330124	8.400586	2.824656
0.460000	4.035656	2.357334	8.383785	2.720941
0.470000	4.119326	2.383508	8.367017	2.617432
0.480000	4.202829	2.408649	8.350283	2.514131
0.490000	4.286165	2.432760	8.333582	2.411036
0.500000	4.369334	2.455841	8.316915	2.308147
0.510000	4.452337	2.477896	8.300281	2.205465
0.520000	4.535174	2.498926	8.283681	2.102987
0.530000	4.617845	2.518933	8.267114	2.000715
0.540000	4.700351	2.537919	8.250579	1.898647
0.550000	4.782691	2.555887	8.234078	1.796783
0.560000	4.864868	2.572838	8.217610	1.695123
0.570000	4.946879	2.588775	8.201175	1.593666
0.580000	5.028727	2.603699	8.184772	1.492412
0.590000	5.110411	2.617613	8.168403	1.391361
0.600000	5.191932	2.630518	8.152066	1.290512
0.610000	5.273289	2.642417	8.135762	1.189864
0.620000	5.354484	2.653311	8.119490	1.089418
0.630000	5.435517	2.663203	8.103251	0.989173
0.640000	5.516387	2.672094	8.087045	0.889128
0.650000	5.597096	2.679987	8.070871	0.789283
0.660000	5.677643	2.686883	8.054729	0.689638
0.670000	5.758029	2.692785	8.038620	0.590192
0.680000	5.838255	2.697694	8.022542	0.490945
0.690000	5.918320	2.701613	8.006497	0.391897
0.700000	5.998225	2.704544	7.990484	0.293047
0.710000	6.077970	2.706488	7.974503	0.194394
0.720000	6.157555	2.707447	7.958554	0.095939
0.730000	6.236982	2.707424	7.942637	-0.002320
0.740000	6.316249	2.706420	7.926752	-0.100381
0.750000	6.395358	2.704438	7.910898	-0.198247
0.760000	6.474309	2.701479	7.895077	-0.295917
0.770000	6.553102	2.697545	7.879286	-0.393392
0.780000	6.631737	2.692638	7.863528	-0.490672
0.790000	6.710215	2.686760	7.847801	-0.587757
0.800000	6.788536	2.679914	7.832105	-0.684648
0.810000	6.866700	2.672100	7.816441	-0.781345
0.820000	6.944709	2.663322	7.800808	-0.877849
0.830000	7.022561	2.653580	7.785207	-0.974159
0.840000	7.100257	2.642878	7.769636	-1.070278
0.850000	7.177798	2.631216	7.754097	-1.166204
0.860000	7.255184	2.618596	7.738589	-1.261938
0.870000	7.332415	2.605021	7.723112	-1.357480
0.880000	7.409492	2.590493	7.707665	-1.452832
0.890000	7.486414	2.575013	7.692250	-1.547993
0.900000	7.563183	2.558583	7.676865	-1.642963
0.910000	7.639798	2.541206	7.661512	-1.737744
0.920000	7.716260	2.522883	7.646189	-1.832335
0.930000	7.792569	2.503615	7.630896	-1.926737
0.940000	7.868725	2.483406	7.615635	-2.020950
0.950000	7.944729	2.462256	7.600403	-2.114974
0.960000	8.020581	2.440168	7.585202	-2.208811
0.970000	8.096281	2.417143	7.570032	-2.302460
0.980000	8.171830	2.393184	7.554892	-2.395921
0.990000	8.247228	2.368292	7.539782	-2.489196
1.000000	8.322475	2.342469	7.524703	-2.582284
1.010000	8.397572	2.315717	7.509653	-2.675186
1.020000	8.472518	2.288038	7.494634	-2.767902
1.030000	8.547314	2.259434	7.479645	-2.860433
1.040000	8.621961	2.229906	7.464685	-2.952778
1.050000	8.696459	2.199457	7.449756	-3.044939
1.060000	8.770807	2.168088	7.434856	-3.136916
1.070000	8.845007	2.135801	7.419987	-3.228709
1.080000	8.919059	2.102598	7.405147	-3.320318
1.090000	8.992962	2.068480	7.390336	-3.411744
1.100000	9.066718	2.033450	7.375556	-3.502987
1.110000	9.140326	1.997510	7.360805	-3.594047
1.120000	9.213787	1.960661	7.346083	-3.684926
1.130000	9.287101	1.922904	7.331391	-3.775622
1.140000	9.360268	1.884243	7.316728	-3.866137
1.150000	9.433289	1.844678	7.302095	-3.956472
1.160000	9.506164	1.804212	7.287491	-4.046625
1.170000	9.578893	1.762846	7.272916	-4.136598
1.180000	9.651476	1.720582	7.258370	-4.226392
1.190000	9.723915	1.677422	7.243853	-4.316006
1.200000	9.796209	1.633368	7.229365	-4.405440
1.210000	9.868358	1.588421	7.214907	-4.494696
1.220000	9.940363	1.542583	7.200477	-4.583773
1.230000	10.012223	1.495856	7.186076	-4.672672
1.240000	10.083940	1.448242	7.171704	-4.761393
1.250000	10.155514	1.399743	7.157360	-4.849937
1.260000	10.226944	1.350360	7.143045	-4.938303
1.270000	10.298232	1.300095	7.128759	-5.026493
1.280000	10.369377	1.248950	7.114502	-5.114507
1.290000	10.440380	1.196926	7.100273	-5.202344
1.300000	10.511240	1.144026	7.086072	-5.290006
1.310000	10.581959	1.090251	7.071900	-5.377492
1.320000	10.652537	1.035603	7.057756	-5.464804
1.330000	10.722973	0.980084	7.043641	-5.551941
1.340000	10.793269	0.923695	7.029554	-5.638903
1.350000	10.863424	0.866438	7.015494	-5.725692
1.360000	10.933439	0.808315	7.001463	-5.812307
1.370000	11.003313	0.749327	6.987461	-5.898749
1.380000	11.073048	0.689477	6.973486	-5.985018
1.390000	11.142643	0.628766	6.959539	-6.071115
1.400000	11.212100	0.567196	6.945620	-6.157039
1.410000	11.281417	0.504768	6.931728	-6.242791
1.420000	11.350595	0.441484	6.917865	-6.328372
1.430000	11.419636	0.377346	6.904029	-6.413782
1.440000	11.488538	0.312356	6.890221	-6.499021
1.450000	11.557302	0.246515	6.876441	-6.584089
1.460000	11.625929	0.179825	6.862688	-6.668988
1.470000	11.694419	0.112288	6.848962	-6.753716
1.480000	11.762772	0.043905	6.835264	-6.838275
